00000000000000000000
00001100001111000000
00001100000000000000
00000000000000000000
00000000000000000100
00000000000000000100
00000000000000000100
00000000000000000000
01000011000010000000
00000011000000000000
00000011000000000011
00000000000000000011
10000000000000000000
00000000000111100000
00001100000110000000

# Sample 1

00000000001111110000
00000000000111111110
00000000000000110000
00000000000000000000
00000000000000111111
00000000101000000000
00000001000000001111
00000000000000011111
00000000000000000000
00000011111111110000
00000000000000000100
00000000000000001000
10000000000000000000
11000000000000000000
11100000000010000000






00000000001111110000
00000000000111111110
00000000000001110000
00000000000000000000
00000000000000111111
00011111110000000000
00000000000000001111
00000000000000011111
00000000000000000000
00000011111111110000
00000000000000000100
00000000000000001000
10000000000000000000
11000000000000000000
11100000000010000000






