trying to connect
 Socket connected.
Sent: {"action": "GO", "event": "ACTION", "quantity": 0}
[0.0, 95.0, 95.0, 25.0, 25.0]
0 0 0 0 0 0 0 0 0 0 0 0 0 0 0
0 0 0 0 0 0 0 0 0 0 0 0 0 0 0
0 0 0 0 0 0 0 0 0 0 0 0 0 0 0
0 0 0 0 0 0 0 0 0 0 0 0 0 0 0
0 0 0 0 0 0 0 0 0 0 0 0 0 0 0
0 0 0 0 0 0 0 0 0 0 0 0 0 0 0
0 0 0 0 0 0 0 0 0 0 0 0 0 0 0
0 0 0 0 0 0 0 0 0 0 0 0 0 0 0
0 0 0 0 0 0 1 1 1 0 0 0 0 0 0
0 0 0 0 0 0 0 0 0 0 0 0 0 0 0
0 0 0 0 0 1 0 0 0 1 0 0 0 0 0
0 0 0 0 0 0 0 0 0 0 0 0 0 0 0
0 0 0 0 0 0 0 0 0 0 0 0 0 0 0
0 0 0 0 0 0 0 0 0 0 0 0 0 0 0
0 0 0 0 0 0 0 0 0 0 0 0 0 0 0
0 0 0 0 0 0 0 0 0 0 0 0 0 0 0
0 0 0 0 0 0 0 0 0 0 0 0 0 0 0
0 0 0 0 0 0 0 0 0 0 0 0 0 0 0
0 0 0 0 0 0 0 0 0 0 0 0 0 0 0
0 0 0 0 0 0 0 0 0 0 0 0 0 0 0

Explored: C000000000000000000000000000000000022000000700000000000000000000000000000003
Obstacle: 00

Exploration time: 0.0797681808472 s
Exploration coverage: 1.66666666667 %

Next step: straight
Sent: {"action": "GO", "event": "ACTION", "quantity": 1}
Sent: {"location_x": 7, "location_y": 9, "direction": 3, "event": "MAP", "map_info": "000000000000000000000000000000000000000000000000000000000000000000000000000000000000000000000000000000000000000000000000000000111000000000000000000000000001000100000000000000000000000000000000000000000000000000000000000000000000000000000000000000000000000000000000000000000000000000000000000000000000"}
[0.0, 85.0, 85.0, 25.0, 25.0]
0 0 0 0 0 0 0 0 0 0 0 0 0 0 0
0 0 0 0 0 0 0 0 0 0 0 0 0 0 0
0 0 0 0 0 0 0 0 0 0 0 0 0 0 0
0 0 0 0 0 0 0 0 0 0 0 0 0 0 0
0 0 0 0 0 0 0 0 0 0 0 0 0 0 0
0 0 0 0 0 0 0 0 0 0 0 0 0 0 0
0 0 0 0 0 0 0 0 0 0 0 0 0 0 0
0 0 0 0 0 0 1 1 1 0 0 0 0 0 0
0 0 0 0 0 0 1 1 1 0 0 0 0 0 0
0 0 0 0 0 1 0 0 0 1 0 0 0 0 0
0 0 0 0 0 1 0 0 0 1 0 0 0 0 0
0 0 0 0 0 0 0 0 0 0 0 0 0 0 0
0 0 0 0 0 0 0 0 0 0 0 0 0 0 0
0 0 0 0 0 0 0 0 0 0 0 0 0 0 0
0 0 0 0 0 0 0 0 0 0 0 0 0 0 0
0 0 0 0 0 0 0 0 0 0 0 0 0 0 0
0 0 0 0 0 0 0 0 0 0 0 0 0 0 0
0 0 0 0 0 0 0 0 0 0 0 0 0 0 0
0 0 0 0 0 0 0 0 0 0 0 0 0 0 0
0 0 0 0 0 0 0 0 0 0 0 0 0 0 0

Explored: C0000000000000000000000000000000000220044007000E0000000000000000000000000003
Obstacle: 000

Exploration time: 0.701418161392 s
Exploration coverage: 3.33333333333 %

Next step: straight
Sent: {"action": "GO", "event": "ACTION", "quantity": 1}
Sent: {"location_x": 7, "location_y": 8, "direction": 3, "event": "MAP", "map_info": "000000000000000000000000000000000000000000000000000000000000000000000000000000000000000000000000000000000000000111000000000000111000000000001000100000000001000100000000000000000000000000000000000000000000000000000000000000000000000000000000000000000000000000000000000000000000000000000000000000000000"}
[0.0, 75.0, 75.0, 25.0, 65.0]
0 0 0 0 0 0 0 0 0 0 0 0 0 0 0
0 0 0 0 0 0 0 0 0 0 0 0 0 0 0
0 0 0 0 0 0 0 0 0 0 0 0 0 0 0
0 0 0 0 0 0 0 0 0 0 0 0 0 0 0
0 0 0 0 0 0 0 0 0 0 0 0 0 0 0
0 0 0 0 0 0 0 0 0 0 0 0 0 0 0
0 0 0 0 0 0 1 1 1 0 0 0 0 0 0
0 0 0 0 0 0 1 1 1 0 0 0 0 0 0
0 0 0 0 0 1 1 1 1 1 0 0 0 0 0
0 0 0 0 0 1 0 0 0 1 0 0 0 0 0
0 0 0 0 0 1 0 0 0 1 0 0 0 0 0
0 0 0 0 0 0 0 0 0 0 0 0 0 0 0
0 0 0 0 0 0 0 0 0 0 0 0 0 0 0
0 0 0 0 0 0 0 0 0 0 0 0 0 0 0
0 0 0 0 0 0 0 0 0 0 0 0 0 0 0
0 0 0 0 0 0 0 0 0 0 0 0 0 0 0
0 0 0 0 0 0 0 0 0 0 0 0 0 0 0
0 0 0 0 0 0 0 0 0 0 0 0 0 0 0
0 0 0 0 0 0 0 0 0 0 0 0 0 0 0
0 0 0 0 0 0 0 0 0 0 0 0 0 0 0

Explored: C000000000000000000000000000000000022004400F800E001C000000000000000000000003
Obstacle: 0000

Exploration time: 1.41317009926 s
Exploration coverage: 5.0 %

Next step: straight
Sent: {"action": "GO", "event": "ACTION", "quantity": 1}
Sent: {"location_x": 7, "location_y": 7, "direction": 3, "event": "MAP", "map_info": "000000000000000000000000000000000000000000000000000000000000000000000000000000000000000000000000111000000000000111000000000001111100000000001000100000000001000100000000000000000000000000000000000000000000000000000000000000000000000000000000000000000000000000000000000000000000000000000000000000000000"}
[0.0, 65.0, 65.0, 25.0, 65.0]
0 0 0 0 0 0 0 0 0 0 0 0 0 0 0
0 0 0 0 0 0 0 0 0 0 0 0 0 0 0
0 0 0 0 0 0 0 0 0 0 0 0 0 0 0
0 0 0 0 0 0 0 0 0 0 0 0 0 0 0
0 0 0 0 0 0 0 0 0 0 0 0 0 0 0
0 0 0 0 0 0 1 1 1 0 0 0 0 0 0
0 0 0 0 0 0 1 1 1 0 0 0 0 0 0
0 0 0 0 0 1 1 1 1 1 0 0 0 0 0
0 0 0 0 0 1 1 1 1 1 0 0 0 0 0
0 0 0 0 0 1 0 0 0 1 0 0 0 0 0
0 0 0 0 0 1 0 0 0 1 0 0 0 0 0
0 0 0 0 0 0 0 0 0 0 0 0 0 0 0
0 0 0 0 0 0 0 0 0 0 0 0 0 0 0
0 0 0 0 0 0 0 0 0 0 0 0 0 0 0
0 0 0 0 0 0 0 0 0 0 0 0 0 0 0
0 0 0 0 0 0 0 0 0 0 0 0 0 0 0
0 0 0 0 0 0 0 0 0 0 0 0 0 0 0
0 0 0 0 0 0 0 0 0 0 0 0 0 0 0
0 0 0 0 0 0 0 0 0 0 0 0 0 0 0
0 0 0 0 0 0 0 0 0 0 0 0 0 0 0

Explored: C000000000000000000000000000000000022004400F801F001C003800000000000000000003
Obstacle: 00000

Exploration time: 2.11968898773 s
Exploration coverage: 6.66666666667 %

Next step: straight
Sent: {"action": "GO", "event": "ACTION", "quantity": 1}
Sent: {"location_x": 7, "location_y": 6, "direction": 3, "event": "MAP", "map_info": "000000000000000000000000000000000000000000000000000000000000000000000000000000000111000000000000111000000000001111100000000001111100000000001000100000000001000100000000000000000000000000000000000000000000000000000000000000000000000000000000000000000000000000000000000000000000000000000000000000000000"}
[0.0, 55.0, 55.0, 25.0, 65.0]
0 0 0 0 0 0 0 0 0 0 0 0 0 0 0
0 0 0 0 0 0 0 0 0 0 0 0 0 0 0
0 0 0 0 0 0 0 0 0 0 0 0 0 0 0
0 0 0 0 0 0 0 0 0 0 0 0 0 0 0
0 0 0 0 0 0 1 1 1 0 0 0 0 0 0
0 0 0 0 0 0 1 1 1 0 0 0 0 0 0
0 0 0 0 0 1 1 1 1 1 0 0 0 0 0
0 0 0 0 0 1 1 1 1 1 0 0 0 0 0
0 0 0 0 0 1 1 1 1 1 0 0 0 0 0
0 0 0 0 0 1 0 0 0 1 0 0 0 0 0
0 0 0 0 0 1 0 0 0 1 0 0 0 0 0
0 0 0 0 0 0 0 0 0 0 0 0 0 0 0
0 0 0 0 0 0 0 0 0 0 0 0 0 0 0
0 0 0 0 0 0 0 0 0 0 0 0 0 0 0
0 0 0 0 0 0 0 0 0 0 0 0 0 0 0
0 0 0 0 0 0 0 0 0 0 0 0 0 0 0
0 0 0 0 0 0 0 0 0 0 0 0 0 0 0
0 0 0 0 0 0 0 0 0 0 0 0 0 0 0
0 0 0 0 0 0 0 0 0 0 0 0 0 0 0
0 0 0 0 0 0 0 0 0 0 0 0 0 0 0

Explored: C000000000000000000000000000000000022004400F801F003E003800700000000000000003
Obstacle: 0000000

Exploration time: 2.83374404907 s
Exploration coverage: 8.33333333333 %

Next step: straight
Sent: {"action": "GO", "event": "ACTION", "quantity": 1}
Sent: {"location_x": 7, "location_y": 5, "direction": 3, "event": "MAP", "map_info": "000000000000000000000000000000000000000000000000000000000000000000111000000000000111000000000001111100000000001111100000000001111100000000001000100000000001000100000000000000000000000000000000000000000000000000000000000000000000000000000000000000000000000000000000000000000000000000000000000000000000"}
[0.0, 45.0, 45.0, 25.0, 65.0]
0 0 0 0 0 0 0 0 0 0 0 0 0 0 0
0 0 0 0 0 0 0 0 0 0 0 0 0 0 0
0 0 0 0 0 0 0 0 0 0 0 0 0 0 0
0 0 0 0 0 0 1 1 1 0 0 0 0 0 0
0 0 0 0 0 0 1 1 1 0 0 0 0 0 0
0 0 0 0 0 1 1 1 1 1 0 0 0 0 0
0 0 0 0 0 1 1 1 1 1 0 0 0 0 0
0 0 0 0 0 1 1 1 1 1 0 0 0 0 0
0 0 0 0 0 1 1 1 1 1 0 0 0 0 0
0 0 0 0 0 1 0 0 0 1 0 0 0 0 0
0 0 0 0 0 1 0 0 0 1 0 0 0 0 0
0 0 0 0 0 0 0 0 0 0 0 0 0 0 0
0 0 0 0 0 0 0 0 0 0 0 0 0 0 0
0 0 0 0 0 0 0 0 0 0 0 0 0 0 0
0 0 0 0 0 0 0 0 0 0 0 0 0 0 0
0 0 0 0 0 0 0 0 0 0 0 0 0 0 0
0 0 0 0 0 0 0 0 0 0 0 0 0 0 0
0 0 0 0 0 0 0 0 0 0 0 0 0 0 0
0 0 0 0 0 0 0 0 0 0 0 0 0 0 0
0 0 0 0 0 0 0 0 0 0 0 0 0 0 0

Explored: C000000000000000000000000000000000022004400F801F003E007C007000E0000000000003
Obstacle: 00000000

Exploration time: 3.50887918472 s
Exploration coverage: 10.0 %

Next step: straight
Sent: {"action": "GO", "event": "ACTION", "quantity": 1}
Sent: {"location_x": 7, "location_y": 4, "direction": 3, "event": "MAP", "map_info": "000000000000000000000000000000000000000000000000000111000000000000111000000000001111100000000001111100000000001111100000000001111100000000001000100000000001000100000000000000000000000000000000000000000000000000000000000000000000000000000000000000000000000000000000000000000000000000000000000000000000"}
[0.0, 35.0, 35.0, 65.0, 5.0]
0 0 0 0 0 0 0 0 0 0 0 0 0 0 0
0 0 0 0 0 0 0 0 0 0 0 0 0 0 0
0 0 0 0 0 0 1 1 1 0 0 0 0 0 0
0 0 0 0 0 0 1 1 1 0 0 0 0 0 0
0 0 0 0 0 1 1 1 1 2 0 0 0 0 0
0 0 0 0 0 1 1 1 1 1 0 0 0 0 0
0 0 0 0 0 1 1 1 1 1 0 0 0 0 0
0 0 0 0 0 1 1 1 1 1 0 0 0 0 0
0 0 0 0 0 1 1 1 1 1 0 0 0 0 0
0 0 0 0 0 1 0 0 0 1 0 0 0 0 0
0 0 0 0 0 1 0 0 0 1 0 0 0 0 0
0 0 0 0 0 0 0 0 0 0 0 0 0 0 0
0 0 0 0 0 0 0 0 0 0 0 0 0 0 0
0 0 0 0 0 0 0 0 0 0 0 0 0 0 0
0 0 0 0 0 0 0 0 0 0 0 0 0 0 0
0 0 0 0 0 0 0 0 0 0 0 0 0 0 0
0 0 0 0 0 0 0 0 0 0 0 0 0 0 0
0 0 0 0 0 0 0 0 0 0 0 0 0 0 0
0 0 0 0 0 0 0 0 0 0 0 0 0 0 0
0 0 0 0 0 0 0 0 0 0 0 0 0 0 0

Explored: C000000000000000000000000000000000022004400F801F003E007C00F800E001C000000003
Obstacle: 000000080

Exploration time: 4.12224602699 s
Exploration coverage: 11.6666666667 %

Next step: straight
Sent: {"action": "GO", "event": "ACTION", "quantity": 1}
Sent: {"location_x": 7, "location_y": 3, "direction": 3, "event": "MAP", "map_info": "000000000000000000000000000000000000111000000000000111000000000001111200000000001111100000000001111100000000001111100000000001111100000000001000100000000001000100000000000000000000000000000000000000000000000000000000000000000000000000000000000000000000000000000000000000000000000000000000000000000000"}
[0.0, 25.0, 25.0, 5.0, 65.0]
0 0 0 0 0 0 0 0 0 0 0 0 0 0 0
0 0 0 0 0 0 1 1 1 0 0 0 0 0 0
0 0 0 0 0 0 1 1 1 0 0 0 0 0 0
0 0 0 0 0 2 1 1 1 1 0 0 0 0 0
0 0 0 0 0 1 1 1 1 2 0 0 0 0 0
0 0 0 0 0 1 1 1 1 1 0 0 0 0 0
0 0 0 0 0 1 1 1 1 1 0 0 0 0 0
0 0 0 0 0 1 1 1 1 1 0 0 0 0 0
0 0 0 0 0 1 1 1 1 1 0 0 0 0 0
0 0 0 0 0 1 0 0 0 1 0 0 0 0 0
0 0 0 0 0 1 0 0 0 1 0 0 0 0 0
0 0 0 0 0 0 0 0 0 0 0 0 0 0 0
0 0 0 0 0 0 0 0 0 0 0 0 0 0 0
0 0 0 0 0 0 0 0 0 0 0 0 0 0 0
0 0 0 0 0 0 0 0 0 0 0 0 0 0 0
0 0 0 0 0 0 0 0 0 0 0 0 0 0 0
0 0 0 0 0 0 0 0 0 0 0 0 0 0 0
0 0 0 0 0 0 0 0 0 0 0 0 0 0 0
0 0 0 0 0 0 0 0 0 0 0 0 0 0 0
0 0 0 0 0 0 0 0 0 0 0 0 0 0 0

Explored: C000000000000000000000000000000000022004400F801F003E007C00F801F001C003800003
Obstacle: 0000000C00

Exploration time: 4.72773218155 s
Exploration coverage: 13.3333333333 %

Next step: straight
Sent: {"action": "GO", "event": "ACTION", "quantity": 1}
Sent: {"location_x": 7, "location_y": 2, "direction": 3, "event": "MAP", "map_info": "000000000000000000000111000000000000111000000000002111100000000001111200000000001111100000000001111100000000001111100000000001111100000000001000100000000001000100000000000000000000000000000000000000000000000000000000000000000000000000000000000000000000000000000000000000000000000000000000000000000000"}
[0.0, 15.0, 15.0, 65.0, 65.0]
0 0 0 0 0 0 1 1 1 0 0 0 0 0 0
0 0 0 0 0 0 1 1 1 0 0 0 0 0 0
0 0 0 0 0 1 1 1 1 1 0 0 0 0 0
0 0 0 0 0 2 1 1 1 1 0 0 0 0 0
0 0 0 0 0 1 1 1 1 2 0 0 0 0 0
0 0 0 0 0 1 1 1 1 1 0 0 0 0 0
0 0 0 0 0 1 1 1 1 1 0 0 0 0 0
0 0 0 0 0 1 1 1 1 1 0 0 0 0 0
0 0 0 0 0 1 1 1 1 1 0 0 0 0 0
0 0 0 0 0 1 0 0 0 1 0 0 0 0 0
0 0 0 0 0 1 0 0 0 1 0 0 0 0 0
0 0 0 0 0 0 0 0 0 0 0 0 0 0 0
0 0 0 0 0 0 0 0 0 0 0 0 0 0 0
0 0 0 0 0 0 0 0 0 0 0 0 0 0 0
0 0 0 0 0 0 0 0 0 0 0 0 0 0 0
0 0 0 0 0 0 0 0 0 0 0 0 0 0 0
0 0 0 0 0 0 0 0 0 0 0 0 0 0 0
0 0 0 0 0 0 0 0 0 0 0 0 0 0 0
0 0 0 0 0 0 0 0 0 0 0 0 0 0 0
0 0 0 0 0 0 0 0 0 0 0 0 0 0 0

Explored: C000000000000000000000000000000000022004400F801F003E007C00F801F003E003800703
Obstacle: 0000000C0000

Exploration time: 5.33746600151 s
Exploration coverage: 15.0 %

Next step: straight
Sent: {"action": "GO", "event": "ACTION", "quantity": 1}
Sent: {"location_x": 7, "location_y": 1, "direction": 3, "event": "MAP", "map_info": "000000111000000000000111000000000001111100000000002111100000000001111200000000001111100000000001111100000000001111100000000001111100000000001000100000000001000100000000000000000000000000000000000000000000000000000000000000000000000000000000000000000000000000000000000000000000000000000000000000000000"}
Sent: {"action": "KELLY", "event": "ACTION"}
[0.0, 5.0, 5.0, 45.0, 65.0]
0 0 0 0 0 0 1 1 1 0 0 0 0 0 0
0 0 0 0 0 1 1 1 1 1 0 0 0 0 0
0 0 0 0 0 1 1 1 1 1 0 0 0 0 0
0 0 0 0 0 2 1 1 1 1 0 0 0 0 0
0 0 0 0 0 1 1 1 1 2 0 0 0 0 0
0 0 0 0 0 1 1 1 1 1 0 0 0 0 0
0 0 0 0 0 1 1 1 1 1 0 0 0 0 0
0 0 0 0 0 1 1 1 1 1 0 0 0 0 0
0 0 0 0 0 1 1 1 1 1 0 0 0 0 0
0 0 0 0 0 1 0 0 0 1 0 0 0 0 0
0 0 0 0 0 1 0 0 0 1 0 0 0 0 0
0 0 0 0 0 0 0 0 0 0 0 0 0 0 0
0 0 0 0 0 0 0 0 0 0 0 0 0 0 0
0 0 0 0 0 0 0 0 0 0 0 0 0 0 0
0 0 0 0 0 0 0 0 0 0 0 0 0 0 0
0 0 0 0 0 0 0 0 0 0 0 0 0 0 0
0 0 0 0 0 0 0 0 0 0 0 0 0 0 0
0 0 0 0 0 0 0 0 0 0 0 0 0 0 0
0 0 0 0 0 0 0 0 0 0 0 0 0 0 0
0 0 0 0 0 0 0 0 0 0 0 0 0 0 0

Explored: C000000000000000000000000000000000022004400F801F003E007C00F801F003E007C00703
Obstacle: 0000000C0000

Exploration time: 6.02734208107 s
Exploration coverage: 15.6666666667 %

Next step: right
Sent: {"action": "ROTATE", "event": "ACTION", "quantity": 1}
Sent: {"location_x": 7, "location_y": 1, "direction": 0, "event": "MAP", "map_info": "000000111000000000001111100000000001111100000000002111100000000001111200000000001111100000000001111100000000001111100000000001111100000000001000100000000001000100000000000000000000000000000000000000000000000000000000000000000000000000000000000000000000000000000000000000000000000000000000000000000000"}
Sent: {"action": "KELLY", "event": "ACTION"}
[0.0, 5.0, 65.0, 5.0, 175.0]
0 0 0 0 0 0 1 1 1 2 0 0 0 0 0
0 0 0 0 0 1 1 1 1 3 0 0 0 0 0
0 0 0 0 0 1 1 1 1 1 0 0 0 0 0
0 0 0 0 0 2 1 1 1 1 0 0 0 0 0
0 0 0 0 0 1 1 1 1 2 0 0 0 0 0
0 0 0 0 0 1 1 1 1 1 0 0 0 0 0
0 0 0 0 0 1 1 1 1 1 0 0 0 0 0
0 0 0 0 0 1 1 1 1 1 0 0 0 0 0
0 0 0 0 0 1 1 1 1 1 0 0 0 0 0
0 0 0 0 0 1 0 0 0 1 0 0 0 0 0
0 0 0 0 0 1 0 0 0 1 0 0 0 0 0
0 0 0 0 0 0 0 0 0 0 0 0 0 0 0
0 0 0 0 0 0 0 0 0 0 0 0 0 0 0
0 0 0 0 0 0 0 0 0 0 0 0 0 0 0
0 0 0 0 0 0 0 0 0 0 0 0 0 0 0
0 0 0 0 0 0 0 0 0 0 0 0 0 0 0
0 0 0 0 0 0 0 0 0 0 0 0 0 0 0
0 0 0 0 0 0 0 0 0 0 0 0 0 0 0
0 0 0 0 0 0 0 0 0 0 0 0 0 0 0
0 0 0 0 0 0 0 0 0 0 0 0 0 0 0

Explored: C000000000000000000000000000000000022004400F801F003E007C00F801F003E007C00783
Obstacle: 0000000C0001

Exploration time: 6.73221111298 s
Exploration coverage: 16.0 %

Next step: right
Sent: {"action": "ROTATE", "event": "ACTION", "quantity": 1}
Sent: {"location_x": 7, "location_y": 1, "direction": 1, "event": "MAP", "map_info": "000000111200000000001111300000000001111100000000002111100000000001111200000000001111100000000001111100000000001111100000000001111100000000001000100000000001000100000000000000000000000000000000000000000000000000000000000000000000000000000000000000000000000000000000000000000000000000000000000000000000"}
[0.0, 175.0, 175.0, 65.0, 45.0]
0 0 0 0 0 0 1 1 1 2 0 0 0 0 0
0 0 0 0 0 1 1 1 1 1 0 0 0 0 0
0 0 0 0 0 1 1 1 1 1 0 0 0 0 0
0 0 0 0 0 2 1 1 1 1 0 0 0 0 0
0 0 0 0 0 1 1 1 1 2 0 0 0 0 0
0 0 0 0 0 1 1 1 1 1 0 0 0 0 0
0 0 0 0 0 1 1 1 1 1 0 0 0 0 0
0 0 0 0 0 1 1 1 1 1 0 0 0 0 0
0 0 0 0 0 1 1 1 1 1 0 0 0 0 0
0 0 0 0 0 1 0 0 0 1 0 0 0 0 0
0 0 0 0 0 1 0 0 0 1 0 0 0 0 0
0 0 0 0 0 0 0 0 0 0 0 0 0 0 0
0 0 0 0 0 0 0 0 0 0 0 0 0 0 0
0 0 0 0 0 0 0 0 0 0 0 0 0 0 0
0 0 0 0 0 0 0 0 0 0 0 0 0 0 0
0 0 0 0 0 0 0 0 0 0 0 0 0 0 0
0 0 0 0 0 0 0 0 0 0 0 0 0 0 0
0 0 0 0 0 0 0 0 0 0 0 0 0 0 0
0 0 0 0 0 0 0 0 0 0 0 0 0 0 0
0 0 0 0 0 0 0 0 0 0 0 0 0 0 0

Explored: C000000000000000000000000000000000022004400F801F003E007C00F801F003E007C00783
Obstacle: 0000000C0001

Exploration time: 7.46797013283 s
Exploration coverage: 16.0 %

Next step: straight
Sent: {"action": "GO", "event": "ACTION", "quantity": 1}
Sent: {"location_x": 7, "location_y": 2, "direction": 1, "event": "MAP", "map_info": "000000111200000000001111100000000001111100000000002111100000000001111200000000001111100000000001111100000000001111100000000001111100000000001000100000000001000100000000000000000000000000000000000000000000000000000000000000000000000000000000000000000000000000000000000000000000000000000000000000000000"}
[0.0, 165.0, 165.0, 65.0, 65.0]
0 0 0 0 0 0 1 1 1 2 0 0 0 0 0
0 0 0 0 0 1 1 1 1 1 0 0 0 0 0
0 0 0 0 0 1 1 1 1 1 0 0 0 0 0
0 0 0 0 0 2 1 1 1 1 0 0 0 0 0
0 0 0 0 0 1 1 1 1 2 0 0 0 0 0
0 0 0 0 0 1 1 1 1 1 0 0 0 0 0
0 0 0 0 0 1 1 1 1 1 0 0 0 0 0
0 0 0 0 0 1 1 1 1 1 0 0 0 0 0
0 0 0 0 0 1 1 1 1 1 0 0 0 0 0
0 0 0 0 0 1 0 0 0 1 0 0 0 0 0
0 0 0 0 0 1 0 0 0 1 0 0 0 0 0
0 0 0 0 0 0 0 0 0 0 0 0 0 0 0
0 0 0 0 0 0 0 0 0 0 0 0 0 0 0
0 0 0 0 0 0 0 0 0 0 0 0 0 0 0
0 0 0 0 0 0 0 0 0 0 0 0 0 0 0
0 0 0 0 0 0 0 0 0 0 0 0 0 0 0
0 0 0 0 0 0 0 0 0 0 0 0 0 0 0
0 0 0 0 0 0 0 0 0 0 0 0 0 0 0
0 0 0 0 0 0 0 0 0 0 0 0 0 0 0
0 0 0 0 0 0 0 0 0 0 0 0 0 0 0

Explored: C000000000000000000000000000000000022004400F801F003E007C00F801F003E007C00783
Obstacle: 0000000C0001

Exploration time: 8.08934497833 s
Exploration coverage: 16.0 %

Next step: left
Sent: {"action": "ROTATE", "event": "ACTION", "quantity": -1}
Sent: {"location_x": 7, "location_y": 2, "direction": 0, "event": "MAP", "map_info": "000000111200000000001111100000000001111100000000002111100000000001111200000000001111100000000001111100000000001111100000000001111100000000001000100000000001000100000000000000000000000000000000000000000000000000000000000000000000000000000000000000000000000000000000000000000000000000000000000000000000"}
[0.0, 65.0, 65.0, 15.0, 165.0]
0 0 0 0 0 0 1 1 1 2 0 0 0 0 0
0 0 0 0 0 1 1 1 1 1 0 0 0 0 0
0 0 0 0 0 1 1 1 1 1 0 0 0 0 0
0 0 0 0 0 2 1 1 1 1 0 0 0 0 0
0 0 0 0 0 1 1 1 1 2 0 0 0 0 0
0 0 0 0 0 1 1 1 1 1 0 0 0 0 0
0 0 0 0 0 1 1 1 1 1 0 0 0 0 0
0 0 0 0 0 1 1 1 1 1 0 0 0 0 0
0 0 0 0 0 1 1 1 1 1 0 0 0 0 0
0 0 0 0 0 1 0 0 0 1 0 0 0 0 0
0 0 0 0 0 1 0 0 0 1 0 0 0 0 0
0 0 0 0 0 0 0 0 0 0 0 0 0 0 0
0 0 0 0 0 0 0 0 0 0 0 0 0 0 0
0 0 0 0 0 0 0 0 0 0 0 0 0 0 0
0 0 0 0 0 0 0 0 0 0 0 0 0 0 0
0 0 0 0 0 0 0 0 0 0 0 0 0 0 0
0 0 0 0 0 0 0 0 0 0 0 0 0 0 0
0 0 0 0 0 0 0 0 0 0 0 0 0 0 0
0 0 0 0 0 0 0 0 0 0 0 0 0 0 0
0 0 0 0 0 0 0 0 0 0 0 0 0 0 0

Explored: C000000000000000000000000000000000022004400F801F003E007C00F801F003E007C00783
Obstacle: 0000000C0001

Exploration time: 8.76547503471 s
Exploration coverage: 16.0 %

Next step: straight
Sent: {"action": "GO", "event": "ACTION", "quantity": 1}
Sent: {"location_x": 8, "location_y": 2, "direction": 0, "event": "MAP", "map_info": "000000111200000000001111100000000001111100000000002111100000000001111200000000001111100000000001111100000000001111100000000001111100000000001000100000000001000100000000000000000000000000000000000000000000000000000000000000000000000000000000000000000000000000000000000000000000000000000000000000000000"}
[0.0, 55.0, 55.0, 15.0, 165.0]
0 0 0 0 0 0 1 1 1 2 0 0 0 0 0
0 0 0 0 0 1 1 1 1 1 1 0 0 0 0
0 0 0 0 0 1 1 1 1 1 1 0 0 0 0
0 0 0 0 0 2 1 1 1 1 1 0 0 0 0
0 0 0 0 0 1 1 1 1 2 0 0 0 0 0
0 0 0 0 0 1 1 1 1 1 0 0 0 0 0
0 0 0 0 0 1 1 1 1 1 0 0 0 0 0
0 0 0 0 0 1 1 1 1 1 0 0 0 0 0
0 0 0 0 0 1 1 1 1 1 0 0 0 0 0
0 0 0 0 0 1 0 0 0 1 0 0 0 0 0
0 0 0 0 0 1 0 0 0 1 0 0 0 0 0
0 0 0 0 0 0 0 0 0 0 0 0 0 0 0
0 0 0 0 0 0 0 0 0 0 0 0 0 0 0
0 0 0 0 0 0 0 0 0 0 0 0 0 0 0
0 0 0 0 0 0 0 0 0 0 0 0 0 0 0
0 0 0 0 0 0 0 0 0 0 0 0 0 0 0
0 0 0 0 0 0 0 0 0 0 0 0 0 0 0
0 0 0 0 0 0 0 0 0 0 0 0 0 0 0
0 0 0 0 0 0 0 0 0 0 0 0 0 0 0
0 0 0 0 0 0 0 0 0 0 0 0 0 0 0

Explored: C000000000000000000000000000000000022004400F801F003E007C00F801F803F007E00783
Obstacle: 0000000C00002

Exploration time: 9.37885499001 s
Exploration coverage: 17.0 %

Next step: straight
Sent: {"action": "GO", "event": "ACTION", "quantity": 1}
Sent: {"location_x": 9, "location_y": 2, "direction": 0, "event": "MAP", "map_info": "000000111200000000001111110000000001111110000000002111110000000001111200000000001111100000000001111100000000001111100000000001111100000000001000100000000001000100000000000000000000000000000000000000000000000000000000000000000000000000000000000000000000000000000000000000000000000000000000000000000000"}
[0.0, 45.0, 45.0, 5.0, 5.0]
0 0 0 0 0 0 1 1 1 2 0 0 0 0 0
0 0 0 0 0 1 1 1 1 1 1 1 0 0 0
0 0 0 0 0 1 1 1 1 1 1 1 0 0 0
0 0 0 0 0 2 1 1 1 1 1 1 0 0 0
0 0 0 0 0 1 1 1 1 2 0 0 0 0 0
0 0 0 0 0 1 1 1 1 1 0 0 0 0 0
0 0 0 0 0 1 1 1 1 1 0 0 0 0 0
0 0 0 0 0 1 1 1 1 1 0 0 0 0 0
0 0 0 0 0 1 1 1 1 1 0 0 0 0 0
0 0 0 0 0 1 0 0 0 1 0 0 0 0 0
0 0 0 0 0 1 0 0 0 1 0 0 0 0 0
0 0 0 0 0 0 0 0 0 0 0 0 0 0 0
0 0 0 0 0 0 0 0 0 0 0 0 0 0 0
0 0 0 0 0 0 0 0 0 0 0 0 0 0 0
0 0 0 0 0 0 0 0 0 0 0 0 0 0 0
0 0 0 0 0 0 0 0 0 0 0 0 0 0 0
0 0 0 0 0 0 0 0 0 0 0 0 0 0 0
0 0 0 0 0 0 0 0 0 0 0 0 0 0 0
0 0 0 0 0 0 0 0 0 0 0 0 0 0 0
0 0 0 0 0 0 0 0 0 0 0 0 0 0 0

Explored: C000000000000000000000000000000000022004400F801F003E007C00F801FC03F807F00783
Obstacle: 0000000C000004

Exploration time: 9.991065979 s
Exploration coverage: 18.0 %

Next step: straight
Sent: {"action": "GO", "event": "ACTION", "quantity": 1}
Sent: {"location_x": 10, "location_y": 2, "direction": 0, "event": "MAP", "map_info": "000000111200000000001111111000000001111111000000002111111000000001111200000000001111100000000001111100000000001111100000000001111100000000001000100000000001000100000000000000000000000000000000000000000000000000000000000000000000000000000000000000000000000000000000000000000000000000000000000000000000"}
[0.0, 35.0, 35.0, 15.0, 5.0]
0 0 0 0 0 0 1 1 1 2 1 0 0 0 0
0 0 0 0 0 1 1 1 1 1 1 1 1 0 0
0 0 0 0 0 1 1 1 1 1 1 1 1 0 0
0 0 0 0 0 2 1 1 1 1 1 1 1 0 0
0 0 0 0 0 1 1 1 1 2 2 0 0 0 0
0 0 0 0 0 1 1 1 1 1 0 0 0 0 0
0 0 0 0 0 1 1 1 1 1 0 0 0 0 0
0 0 0 0 0 1 1 1 1 1 0 0 0 0 0
0 0 0 0 0 1 1 1 1 1 0 0 0 0 0
0 0 0 0 0 1 0 0 0 1 0 0 0 0 0
0 0 0 0 0 1 0 0 0 1 0 0 0 0 0
0 0 0 0 0 0 0 0 0 0 0 0 0 0 0
0 0 0 0 0 0 0 0 0 0 0 0 0 0 0
0 0 0 0 0 0 0 0 0 0 0 0 0 0 0
0 0 0 0 0 0 0 0 0 0 0 0 0 0 0
0 0 0 0 0 0 0 0 0 0 0 0 0 0 0
0 0 0 0 0 0 0 0 0 0 0 0 0 0 0
0 0 0 0 0 0 0 0 0 0 0 0 0 0 0
0 0 0 0 0 0 0 0 0 0 0 0 0 0 0
0 0 0 0 0 0 0 0 0 0 0 0 0 0 0

Explored: C000000000000000000000000000000000022004400F801F003E007C00FC01FE03FC07F807C3
Obstacle: 0000000E0000004

Exploration time: 10.6004750729 s
Exploration coverage: 19.6666666667 %

Next step: straight
Sent: {"action": "GO", "event": "ACTION", "quantity": 1}
Sent: {"location_x": 11, "location_y": 2, "direction": 0, "event": "MAP", "map_info": "000000111210000000001111111100000001111111100000002111111100000001111220000000001111100000000001111100000000001111100000000001111100000000001000100000000001000100000000000000000000000000000000000000000000000000000000000000000000000000000000000000000000000000000000000000000000000000000000000000000000"}
[0.0, 25.0, 25.0, 15.0, 5.0]
0 0 0 0 0 0 1 1 1 2 1 1 0 0 0
0 0 0 0 0 1 1 1 1 1 1 1 1 1 0
0 0 0 0 0 1 1 1 1 1 1 1 1 1 0
0 0 0 0 0 2 1 1 1 1 1 1 1 1 0
0 0 0 0 0 1 1 1 1 2 2 2 0 0 0
0 0 0 0 0 1 1 1 1 1 0 0 0 0 0
0 0 0 0 0 1 1 1 1 1 0 0 0 0 0
0 0 0 0 0 1 1 1 1 1 0 0 0 0 0
0 0 0 0 0 1 1 1 1 1 0 0 0 0 0
0 0 0 0 0 1 0 0 0 1 0 0 0 0 0
0 0 0 0 0 1 0 0 0 1 0 0 0 0 0
0 0 0 0 0 0 0 0 0 0 0 0 0 0 0
0 0 0 0 0 0 0 0 0 0 0 0 0 0 0
0 0 0 0 0 0 0 0 0 0 0 0 0 0 0
0 0 0 0 0 0 0 0 0 0 0 0 0 0 0
0 0 0 0 0 0 0 0 0 0 0 0 0 0 0
0 0 0 0 0 0 0 0 0 0 0 0 0 0 0
0 0 0 0 0 0 0 0 0 0 0 0 0 0 0
0 0 0 0 0 0 0 0 0 0 0 0 0 0 0
0 0 0 0 0 0 0 0 0 0 0 0 0 0 0

Explored: C000000000000000000000000000000000022004400F801F003E007C00FE01FF03FE07FC07E3
Obstacle: 0000000F00000004

Exploration time: 11.1752030849 s
Exploration coverage: 21.3333333333 %

Next step: straight
Sent: {"action": "GO", "event": "ACTION", "quantity": 1}
Sent: {"location_x": 12, "location_y": 2, "direction": 0, "event": "MAP", "map_info": "000000111211000000001111111110000001111111110000002111111110000001111222000000001111100000000001111100000000001111100000000001111100000000001000100000000001000100000000000000000000000000000000000000000000000000000000000000000000000000000000000000000000000000000000000000000000000000000000000000000000"}
[0.0, 15.0, 15.0, 15.0, 165.0]
0 0 0 0 0 0 1 1 1 2 1 1 1 0 0
0 0 0 0 0 1 1 1 1 1 1 1 1 1 1
0 0 0 0 0 1 1 1 1 1 1 1 1 1 1
0 0 0 0 0 2 1 1 1 1 1 1 1 1 1
0 0 0 0 0 1 1 1 1 2 2 2 1 0 0
0 0 0 0 0 1 1 1 1 1 0 0 0 0 0
0 0 0 0 0 1 1 1 1 1 0 0 0 0 0
0 0 0 0 0 1 1 1 1 1 0 0 0 0 0
0 0 0 0 0 1 1 1 1 1 0 0 0 0 0
0 0 0 0 0 1 0 0 0 1 0 0 0 0 0
0 0 0 0 0 1 0 0 0 1 0 0 0 0 0
0 0 0 0 0 0 0 0 0 0 0 0 0 0 0
0 0 0 0 0 0 0 0 0 0 0 0 0 0 0
0 0 0 0 0 0 0 0 0 0 0 0 0 0 0
0 0 0 0 0 0 0 0 0 0 0 0 0 0 0
0 0 0 0 0 0 0 0 0 0 0 0 0 0 0
0 0 0 0 0 0 0 0 0 0 0 0 0 0 0
0 0 0 0 0 0 0 0 0 0 0 0 0 0 0
0 0 0 0 0 0 0 0 0 0 0 0 0 0 0
0 0 0 0 0 0 0 0 0 0 0 0 0 0 0

Explored: C000000000000000000000000000000000022004400F801F003E007C00FF01FF83FF07FE07F3
Obstacle: 0000000E8000000040

Exploration time: 11.7845611572 s
Exploration coverage: 23.0 %

Next step: straight
Sent: {"action": "GO", "event": "ACTION", "quantity": 1}
Sent: {"location_x": 13, "location_y": 2, "direction": 0, "event": "MAP", "map_info": "000000111211100000001111111111000001111111111000002111111111000001111222100000001111100000000001111100000000001111100000000001111100000000001000100000000001000100000000000000000000000000000000000000000000000000000000000000000000000000000000000000000000000000000000000000000000000000000000000000000000"}
Sent: {"action": "KELLY", "event": "ACTION"}
[0.0, 5.0, 5.0, 15.0, 145.0]
0 0 0 0 0 0 1 1 1 2 1 1 1 1 0
0 0 0 0 0 1 1 1 1 1 1 1 1 1 1
0 0 0 0 0 1 1 1 1 1 1 1 1 1 1
0 0 0 0 0 2 1 1 1 1 1 1 1 1 1
0 0 0 0 0 1 1 1 1 2 2 2 1 1 0
0 0 0 0 0 1 1 1 1 1 0 0 0 0 0
0 0 0 0 0 1 1 1 1 1 0 0 0 0 0
0 0 0 0 0 1 1 1 1 1 0 0 0 0 0
0 0 0 0 0 1 1 1 1 1 0 0 0 0 0
0 0 0 0 0 1 0 0 0 1 0 0 0 0 0
0 0 0 0 0 1 0 0 0 1 0 0 0 0 0
0 0 0 0 0 0 0 0 0 0 0 0 0 0 0
0 0 0 0 0 0 0 0 0 0 0 0 0 0 0
0 0 0 0 0 0 0 0 0 0 0 0 0 0 0
0 0 0 0 0 0 0 0 0 0 0 0 0 0 0
0 0 0 0 0 0 0 0 0 0 0 0 0 0 0
0 0 0 0 0 0 0 0 0 0 0 0 0 0 0
0 0 0 0 0 0 0 0 0 0 0 0 0 0 0
0 0 0 0 0 0 0 0 0 0 0 0 0 0 0
0 0 0 0 0 0 0 0 0 0 0 0 0 0 0

Explored: C000000000000000000000000000000000022004400F801F003E007C00FF81FF83FF07FE07FB
Obstacle: 0000000E4000000020

Exploration time: 12.3752920628 s
Exploration coverage: 23.6666666667 %

Next step: left
Sent: {"action": "ROTATE", "event": "ACTION", "quantity": -1}
Sent: {"location_x": 13, "location_y": 2, "direction": 3, "event": "MAP", "map_info": "000000111211110000001111111111000001111111111000002111111111000001111222110000001111100000000001111100000000001111100000000001111100000000001000100000000001000100000000000000000000000000000000000000000000000000000000000000000000000000000000000000000000000000000000000000000000000000000000000000000000"}
[0.0, 15.0, 15.0, 125.0, 5.0]
0 0 0 0 0 0 1 1 1 2 1 1 1 1 1
0 0 0 0 0 1 1 1 1 1 1 1 1 1 1
0 0 0 0 0 1 1 1 1 1 1 1 1 1 1
0 0 0 0 0 2 1 1 1 1 1 1 1 1 1
0 0 0 0 0 1 1 1 1 2 2 2 1 1 0
0 0 0 0 0 1 1 1 1 1 0 0 0 0 0
0 0 0 0 0 1 1 1 1 1 0 0 0 0 0
0 0 0 0 0 1 1 1 1 1 0 0 0 0 0
0 0 0 0 0 1 1 1 1 1 0 0 0 0 0
0 0 0 0 0 1 0 0 0 1 0 0 0 0 0
0 0 0 0 0 1 0 0 0 1 0 0 0 0 0
0 0 0 0 0 0 0 0 0 0 0 0 0 0 0
0 0 0 0 0 0 0 0 0 0 0 0 0 0 0
0 0 0 0 0 0 0 0 0 0 0 0 0 0 0
0 0 0 0 0 0 0 0 0 0 0 0 0 0 0
0 0 0 0 0 0 0 0 0 0 0 0 0 0 0
0 0 0 0 0 0 0 0 0 0 0 0 0 0 0
0 0 0 0 0 0 0 0 0 0 0 0 0 0 0
0 0 0 0 0 0 0 0 0 0 0 0 0 0 0
0 0 0 0 0 0 0 0 0 0 0 0 0 0 0

Explored: C000000000000000000000000000000000022004400F801F003E007C00FF81FF83FF07FE07FF
Obstacle: 0000000E4000000020

Exploration time: 12.9995141029 s
Exploration coverage: 24.0 %

Next step: straight
Sent: {"action": "GO", "event": "ACTION", "quantity": 1}
Sent: {"location_x": 13, "location_y": 1, "direction": 3, "event": "MAP", "map_info": "000000111211111000001111111111000001111111111000002111111111000001111222110000001111100000000001111100000000001111100000000001111100000000001000100000000001000100000000000000000000000000000000000000000000000000000000000000000000000000000000000000000000000000000000000000000000000000000000000000000000"}
Sent: {"action": "KELLY", "event": "ACTION"}
[0.0, 5.0, 5.0, 105.0, 5.0]
0 0 0 0 0 0 1 1 1 2 1 1 1 1 1
0 0 0 0 0 1 1 1 1 1 1 1 1 1 1
0 0 0 0 0 1 1 1 1 1 1 1 1 1 1
0 0 0 0 0 2 1 1 1 1 1 1 1 1 1
0 0 0 0 0 1 1 1 1 2 2 2 1 1 0
0 0 0 0 0 1 1 1 1 1 0 0 0 0 0
0 0 0 0 0 1 1 1 1 1 0 0 0 0 0
0 0 0 0 0 1 1 1 1 1 0 0 0 0 0
0 0 0 0 0 1 1 1 1 1 0 0 0 0 0
0 0 0 0 0 1 0 0 0 1 0 0 0 0 0
0 0 0 0 0 1 0 0 0 1 0 0 0 0 0
0 0 0 0 0 0 0 0 0 0 0 0 0 0 0
0 0 0 0 0 0 0 0 0 0 0 0 0 0 0
0 0 0 0 0 0 0 0 0 0 0 0 0 0 0
0 0 0 0 0 0 0 0 0 0 0 0 0 0 0
0 0 0 0 0 0 0 0 0 0 0 0 0 0 0
0 0 0 0 0 0 0 0 0 0 0 0 0 0 0
0 0 0 0 0 0 0 0 0 0 0 0 0 0 0
0 0 0 0 0 0 0 0 0 0 0 0 0 0 0
0 0 0 0 0 0 0 0 0 0 0 0 0 0 0

Explored: C000000000000000000000000000000000022004400F801F003E007C00FF81FF83FF07FE07FF
Obstacle: 0000000E4000000020

Exploration time: 13.5832781792 s
Exploration coverage: 24.0 %

Reach goal
Next step: left
Sent: {"action": "ROTATE", "event": "ACTION", "quantity": -1}
Sent: {"location_x": 13, "location_y": 1, "direction": 2, "event": "MAP", "map_info": "000000111211111000001111111111000001111111111000002111111111000001111222110000001111100000000001111100000000001111100000000001111100000000001000100000000001000100000000000000000000000000000000000000000000000000000000000000000000000000000000000000000000000000000000000000000000000000000000000000000000"}
[0.0, 105.0, 25.0, 155.0, 5.0]
0 0 0 0 0 0 1 1 1 2 1 1 1 1 1
0 0 0 0 0 1 1 1 1 1 1 1 1 1 1
0 0 0 0 0 1 1 1 1 1 1 1 1 1 1
0 0 0 0 0 2 1 1 1 1 1 1 1 1 1
0 0 0 0 0 1 1 1 1 2 2 2 1 1 0
0 0 0 0 0 1 1 1 1 1 0 0 0 0 0
0 0 0 0 0 1 1 1 1 1 0 0 0 0 0
0 0 0 0 0 1 1 1 1 1 0 0 0 0 0
0 0 0 0 0 1 1 1 1 1 0 0 0 0 0
0 0 0 0 0 1 0 0 0 1 0 0 0 0 0
0 0 0 0 0 1 0 0 0 1 0 0 0 0 0
0 0 0 0 0 0 0 0 0 0 0 0 0 0 0
0 0 0 0 0 0 0 0 0 0 0 0 0 0 0
0 0 0 0 0 0 0 0 0 0 0 0 0 0 0
0 0 0 0 0 0 0 0 0 0 0 0 0 0 0
0 0 0 0 0 0 0 0 0 0 0 0 0 0 0
0 0 0 0 0 0 0 0 0 0 0 0 0 0 0
0 0 0 0 0 0 0 0 0 0 0 0 0 0 0
0 0 0 0 0 0 0 0 0 0 0 0 0 0 0
0 0 0 0 0 0 0 0 0 0 0 0 0 0 0

Explored: C000000000000000000000000000000000022004400F801F003E007C00FF81FF83FF07FE07FF
Obstacle: 0000000E4000000020

Exploration time: 14.2189199924 s
Exploration coverage: 24.0 %

Next step: straight
Sent: {"action": "GO", "event": "ACTION", "quantity": 1}
Sent: {"location_x": 12, "location_y": 1, "direction": 2, "event": "MAP", "map_info": "000000111211111000001111111111000001111111111000002111111111000001111222110000001111100000000001111100000000001111100000000001111100000000001000100000000001000100000000000000000000000000000000000000000000000000000000000000000000000000000000000000000000000000000000000000000000000000000000000000000000"}
[0.0, 95.0, 15.0, 175.0, 5.0]
0 0 0 0 0 0 1 1 1 2 1 1 1 1 1
0 0 0 0 0 1 1 1 1 3 1 1 1 1 1
0 0 0 0 0 1 1 1 1 1 1 1 1 1 1
0 0 0 0 0 2 1 1 1 1 1 1 1 1 1
0 0 0 0 0 1 1 1 1 2 2 2 1 1 0
0 0 0 0 0 1 1 1 1 1 0 0 0 0 0
0 0 0 0 0 1 1 1 1 1 0 0 0 0 0
0 0 0 0 0 1 1 1 1 1 0 0 0 0 0
0 0 0 0 0 1 1 1 1 1 0 0 0 0 0
0 0 0 0 0 1 0 0 0 1 0 0 0 0 0
0 0 0 0 0 1 0 0 0 1 0 0 0 0 0
0 0 0 0 0 0 0 0 0 0 0 0 0 0 0
0 0 0 0 0 0 0 0 0 0 0 0 0 0 0
0 0 0 0 0 0 0 0 0 0 0 0 0 0 0
0 0 0 0 0 0 0 0 0 0 0 0 0 0 0
0 0 0 0 0 0 0 0 0 0 0 0 0 0 0
0 0 0 0 0 0 0 0 0 0 0 0 0 0 0
0 0 0 0 0 0 0 0 0 0 0 0 0 0 0
0 0 0 0 0 0 0 0 0 0 0 0 0 0 0
0 0 0 0 0 0 0 0 0 0 0 0 0 0 0

Explored: C000000000000000000000000000000000022004400F801F003E007C00FF81FF83FF07FE07FF
Obstacle: 0000000E4000000020

Exploration time: 14.7304179668 s
Exploration coverage: 24.0 %

Next step: straight
Sent: {"action": "GO", "event": "ACTION", "quantity": 1}
Sent: {"location_x": 11, "location_y": 1, "direction": 2, "event": "MAP", "map_info": "000000111211111000001111311111000001111111111000002111111111000001111222110000001111100000000001111100000000001111100000000001111100000000001000100000000001000100000000000000000000000000000000000000000000000000000000000000000000000000000000000000000000000000000000000000000000000000000000000000000000"}
[0.0, 85.0, 5.0, 15.0, 5.0]
0 0 0 0 0 0 1 1 1 2 1 1 1 1 1
0 0 0 0 0 1 1 1 1 3 1 1 1 1 1
0 0 0 0 0 1 1 1 1 1 1 1 1 1 1
0 0 0 0 0 2 1 1 1 1 1 1 1 1 1
0 0 0 0 0 1 1 1 1 2 2 2 1 1 0
0 0 0 0 0 1 1 1 1 1 0 0 0 0 0
0 0 0 0 0 1 1 1 1 1 0 0 0 0 0
0 0 0 0 0 1 1 1 1 1 0 0 0 0 0
0 0 0 0 0 1 1 1 1 1 0 0 0 0 0
0 0 0 0 0 1 0 0 0 1 0 0 0 0 0
0 0 0 0 0 1 0 0 0 1 0 0 0 0 0
0 0 0 0 0 0 0 0 0 0 0 0 0 0 0
0 0 0 0 0 0 0 0 0 0 0 0 0 0 0
0 0 0 0 0 0 0 0 0 0 0 0 0 0 0
0 0 0 0 0 0 0 0 0 0 0 0 0 0 0
0 0 0 0 0 0 0 0 0 0 0 0 0 0 0
0 0 0 0 0 0 0 0 0 0 0 0 0 0 0
0 0 0 0 0 0 0 0 0 0 0 0 0 0 0
0 0 0 0 0 0 0 0 0 0 0 0 0 0 0
0 0 0 0 0 0 0 0 0 0 0 0 0 0 0

Explored: C000000000000000000000000000000000022004400F801F003E007C00FF81FF83FF07FE07FF
Obstacle: 0000000E4000000020

Exploration time: 15.2058720589 s
Exploration coverage: 24.0 %

Next step: left
Sent: {"action": "ROTATE", "event": "ACTION", "quantity": -1}
Sent: {"location_x": 11, "location_y": 1, "direction": 1, "event": "MAP", "map_info": "000000111211111000001111311111000001111111111000002111111111000001111222110000001111100000000001111100000000001111100000000001111100000000001000100000000001000100000000000000000000000000000000000000000000000000000000000000000000000000000000000000000000000000000000000000000000000000000000000000000000"}
[0.0, 15.0, 15.0, 25.0, 85.0]
0 0 0 0 0 0 1 1 1 2 1 1 1 1 1
0 0 0 0 0 1 1 1 1 1 1 1 1 1 1
0 0 0 0 0 1 1 1 1 1 1 1 1 1 1
0 0 0 0 0 2 1 1 1 1 1 1 1 1 1
0 0 0 0 0 1 1 1 1 2 2 2 3 1 0
0 0 0 0 0 1 1 1 1 1 0 0 0 0 0
0 0 0 0 0 1 1 1 1 1 0 0 0 0 0
0 0 0 0 0 1 1 1 1 1 0 0 0 0 0
0 0 0 0 0 1 1 1 1 1 0 0 0 0 0
0 0 0 0 0 1 0 0 0 1 0 0 0 0 0
0 0 0 0 0 1 0 0 0 1 0 0 0 0 0
0 0 0 0 0 0 0 0 0 0 0 0 0 0 0
0 0 0 0 0 0 0 0 0 0 0 0 0 0 0
0 0 0 0 0 0 0 0 0 0 0 0 0 0 0
0 0 0 0 0 0 0 0 0 0 0 0 0 0 0
0 0 0 0 0 0 0 0 0 0 0 0 0 0 0
0 0 0 0 0 0 0 0 0 0 0 0 0 0 0
0 0 0 0 0 0 0 0 0 0 0 0 0 0 0
0 0 0 0 0 0 0 0 0 0 0 0 0 0 0
0 0 0 0 0 0 0 0 0 0 0 0 0 0 0

Explored: C000000000000000000000000000000000022004400F801F003E007C00FF81FF83FF07FE07FF
Obstacle: 0000000E4000000020

Exploration time: 15.8140921593 s
Exploration coverage: 24.0 %

Next step: straight
Sent: {"action": "GO", "event": "ACTION", "quantity": 1}
Sent: {"location_x": 11, "location_y": 2, "direction": 1, "event": "MAP", "map_info": "000000111211111000001111111111000001111111111000002111111111000001111222310000001111100000000001111100000000001111100000000001111100000000001000100000000001000100000000000000000000000000000000000000000000000000000000000000000000000000000000000000000000000000000000000000000000000000000000000000000000"}
Sent: {"action": "KELLY", "event": "ACTION"}
[0.0, 5.0, 5.0, 25.0, 105.0]
0 0 0 0 0 0 1 1 1 2 1 1 1 1 1
0 0 0 0 0 1 1 1 1 1 1 1 1 1 1
0 0 0 0 0 1 1 1 1 1 1 1 1 1 1
0 0 0 0 0 2 1 1 1 1 1 1 1 1 1
0 0 0 0 0 1 1 1 1 2 2 2 3 1 0
0 0 0 0 0 1 1 1 1 1 0 0 0 0 0
0 0 0 0 0 1 1 1 1 1 0 0 0 0 0
0 0 0 0 0 1 1 1 1 1 0 0 0 0 0
0 0 0 0 0 1 1 1 1 1 0 0 0 0 0
0 0 0 0 0 1 0 0 0 1 0 0 0 0 0
0 0 0 0 0 1 0 0 0 1 0 0 0 0 0
0 0 0 0 0 0 0 0 0 0 0 0 0 0 0
0 0 0 0 0 0 0 0 0 0 0 0 0 0 0
0 0 0 0 0 0 0 0 0 0 0 0 0 0 0
0 0 0 0 0 0 0 0 0 0 0 0 0 0 0
0 0 0 0 0 0 0 0 0 0 0 0 0 0 0
0 0 0 0 0 0 0 0 0 0 0 0 0 0 0
0 0 0 0 0 0 0 0 0 0 0 0 0 0 0
0 0 0 0 0 0 0 0 0 0 0 0 0 0 0
0 0 0 0 0 0 0 0 0 0 0 0 0 0 0

Explored: C000000000000000000000000000000000022004400F801F003E007C00FF81FF83FF07FE07FF
Obstacle: 0000000E4000000020

Exploration time: 16.4056510925 s
Exploration coverage: 24.0 %

Next step: right
Sent: {"action": "ROTATE", "event": "ACTION", "quantity": 1}
Sent: {"location_x": 11, "location_y": 2, "direction": 2, "event": "MAP", "map_info": "000000111211111000001111111111000001111111111000002111111111000001111222310000001111100000000001111100000000001111100000000001111100000000001000100000000001000100000000000000000000000000000000000000000000000000000000000000000000000000000000000000000000000000000000000000000000000000000000000000000000"}
[0.0, 45.0, 85.0, 5.0, 15.0]
0 0 0 0 0 0 1 1 1 2 1 1 1 1 1
0 0 0 0 0 1 1 1 1 1 1 1 1 1 1
0 0 0 0 0 1 1 1 1 1 1 1 1 1 1
0 0 0 0 0 2 1 1 1 1 1 1 1 1 1
0 0 0 0 0 1 1 1 1 2 2 2 3 1 0
0 0 0 0 0 1 1 1 1 1 0 0 0 0 0
0 0 0 0 0 1 1 1 1 1 0 0 0 0 0
0 0 0 0 0 1 1 1 1 1 0 0 0 0 0
0 0 0 0 0 1 1 1 1 1 0 0 0 0 0
0 0 0 0 0 1 0 0 0 1 0 0 0 0 0
0 0 0 0 0 1 0 0 0 1 0 0 0 0 0
0 0 0 0 0 0 0 0 0 0 0 0 0 0 0
0 0 0 0 0 0 0 0 0 0 0 0 0 0 0
0 0 0 0 0 0 0 0 0 0 0 0 0 0 0
0 0 0 0 0 0 0 0 0 0 0 0 0 0 0
0 0 0 0 0 0 0 0 0 0 0 0 0 0 0
0 0 0 0 0 0 0 0 0 0 0 0 0 0 0
0 0 0 0 0 0 0 0 0 0 0 0 0 0 0
0 0 0 0 0 0 0 0 0 0 0 0 0 0 0
0 0 0 0 0 0 0 0 0 0 0 0 0 0 0

Explored: C000000000000000000000000000000000022004400F801F003E007C00FF81FF83FF07FE07FF
Obstacle: 0000000E4000000020

Exploration time: 17.040320158 s
Exploration coverage: 24.0 %

Next step: straight
Sent: {"action": "GO", "event": "ACTION", "quantity": 1}
Sent: {"location_x": 10, "location_y": 2, "direction": 2, "event": "MAP", "map_info": "000000111211111000001111111111000001111111111000002111111111000001111222310000001111100000000001111100000000001111100000000001111100000000001000100000000001000100000000000000000000000000000000000000000000000000000000000000000000000000000000000000000000000000000000000000000000000000000000000000000000"}
[0.0, 35.0, 75.0, 5.0, 15.0]
0 0 0 0 0 0 1 1 1 2 1 1 1 1 1
0 0 0 0 0 1 1 1 1 1 1 1 1 1 1
0 0 0 0 0 1 1 1 1 1 1 1 1 1 1
0 0 0 0 0 2 1 1 1 1 1 1 1 1 1
0 0 0 0 0 1 1 1 1 2 2 2 3 1 0
0 0 0 0 0 1 1 1 1 1 0 0 0 0 0
0 0 0 0 0 1 1 1 1 1 0 0 0 0 0
0 0 0 0 0 1 1 1 1 1 0 0 0 0 0
0 0 0 0 0 1 1 1 1 1 0 0 0 0 0
0 0 0 0 0 1 0 0 0 1 0 0 0 0 0
0 0 0 0 0 1 0 0 0 1 0 0 0 0 0
0 0 0 0 0 0 0 0 0 0 0 0 0 0 0
0 0 0 0 0 0 0 0 0 0 0 0 0 0 0
0 0 0 0 0 0 0 0 0 0 0 0 0 0 0
0 0 0 0 0 0 0 0 0 0 0 0 0 0 0
0 0 0 0 0 0 0 0 0 0 0 0 0 0 0
0 0 0 0 0 0 0 0 0 0 0 0 0 0 0
0 0 0 0 0 0 0 0 0 0 0 0 0 0 0
0 0 0 0 0 0 0 0 0 0 0 0 0 0 0
0 0 0 0 0 0 0 0 0 0 0 0 0 0 0

Explored: C000000000000000000000000000000000022004400F801F003E007C00FF81FF83FF07FE07FF
Obstacle: 0000000E4000000020

Exploration time: 17.5498201847 s
Exploration coverage: 24.0 %

Next step: straight
Sent: {"action": "GO", "event": "ACTION", "quantity": 1}
Sent: {"location_x": 9, "location_y": 2, "direction": 2, "event": "MAP", "map_info": "000000111211111000001111111111000001111111111000002111111111000001111222310000001111100000000001111100000000001111100000000001111100000000001000100000000001000100000000000000000000000000000000000000000000000000000000000000000000000000000000000000000000000000000000000000000000000000000000000000000000"}
[0.0, 25.0, 65.0, 5.0, 5.0]
0 0 0 0 0 0 1 1 1 2 1 1 1 1 1
0 0 0 0 0 1 1 1 1 1 1 1 1 1 1
0 0 0 0 0 1 1 1 1 1 1 1 1 1 1
0 0 0 0 0 2 1 1 1 1 1 1 1 1 1
0 0 0 0 0 1 1 1 1 2 2 2 3 1 0
0 0 0 0 0 1 1 1 1 1 0 0 0 0 0
0 0 0 0 0 1 1 1 1 1 0 0 0 0 0
0 0 0 0 0 1 1 1 1 1 0 0 0 0 0
0 0 0 0 0 1 1 1 1 1 0 0 0 0 0
0 0 0 0 0 1 0 0 0 1 0 0 0 0 0
0 0 0 0 0 1 0 0 0 1 0 0 0 0 0
0 0 0 0 0 0 0 0 0 0 0 0 0 0 0
0 0 0 0 0 0 0 0 0 0 0 0 0 0 0
0 0 0 0 0 0 0 0 0 0 0 0 0 0 0
0 0 0 0 0 0 0 0 0 0 0 0 0 0 0
0 0 0 0 0 0 0 0 0 0 0 0 0 0 0
0 0 0 0 0 0 0 0 0 0 0 0 0 0 0
0 0 0 0 0 0 0 0 0 0 0 0 0 0 0
0 0 0 0 0 0 0 0 0 0 0 0 0 0 0
0 0 0 0 0 0 0 0 0 0 0 0 0 0 0

Explored: C000000000000000000000000000000000022004400F801F003E007C00FF81FF83FF07FE07FF
Obstacle: 0000000E4000000020

Exploration time: 18.1606431007 s
Exploration coverage: 24.0 %

Next step: straight
Sent: {"action": "GO", "event": "ACTION", "quantity": 1}
Sent: {"location_x": 8, "location_y": 2, "direction": 2, "event": "MAP", "map_info": "000000111211111000001111111111000001111111111000002111111111000001111222310000001111100000000001111100000000001111100000000001111100000000001000100000000001000100000000000000000000000000000000000000000000000000000000000000000000000000000000000000000000000000000000000000000000000000000000000000000000"}
[0.0, 15.0, 55.0, 165.0, 15.0]
0 0 0 0 0 0 1 1 1 2 1 1 1 1 1
0 0 0 0 0 1 1 1 1 1 1 1 1 1 1
0 0 0 0 0 3 1 1 1 1 1 1 1 1 1
0 0 0 0 0 2 1 1 1 1 1 1 1 1 1
0 0 0 0 0 1 1 1 1 2 2 2 3 1 0
0 0 0 0 0 1 1 1 1 1 0 0 0 0 0
0 0 0 0 0 1 1 1 1 1 0 0 0 0 0
0 0 0 0 0 1 1 1 1 1 0 0 0 0 0
0 0 0 0 0 1 1 1 1 1 0 0 0 0 0
0 0 0 0 0 1 0 0 0 1 0 0 0 0 0
0 0 0 0 0 1 0 0 0 1 0 0 0 0 0
0 0 0 0 0 0 0 0 0 0 0 0 0 0 0
0 0 0 0 0 0 0 0 0 0 0 0 0 0 0
0 0 0 0 0 0 0 0 0 0 0 0 0 0 0
0 0 0 0 0 0 0 0 0 0 0 0 0 0 0
0 0 0 0 0 0 0 0 0 0 0 0 0 0 0
0 0 0 0 0 0 0 0 0 0 0 0 0 0 0
0 0 0 0 0 0 0 0 0 0 0 0 0 0 0
0 0 0 0 0 0 0 0 0 0 0 0 0 0 0
0 0 0 0 0 0 0 0 0 0 0 0 0 0 0

Explored: C000000000000000000000000000000000022004400F801F003E007C00FF81FF83FF07FE07FF
Obstacle: 0000000E4000000020

Exploration time: 18.7351150513 s
Exploration coverage: 24.0 %

Next step: straight
Sent: {"action": "GO", "event": "ACTION", "quantity": 1}
Sent: {"location_x": 7, "location_y": 2, "direction": 2, "event": "MAP", "map_info": "000000111211111000001111111111000003111111111000002111111111000001111222310000001111100000000001111100000000001111100000000001111100000000001000100000000001000100000000000000000000000000000000000000000000000000000000000000000000000000000000000000000000000000000000000000000000000000000000000000000000"}
Sent: {"action": "KELLY", "event": "ACTION"}
[0.0, 5.0, 45.0, 165.0, 15.0]
0 0 0 0 0 0 1 1 1 2 1 1 1 1 1
0 0 0 0 0 1 1 1 1 1 1 1 1 1 1
0 0 0 0 0 3 1 1 1 1 1 1 1 1 1
0 0 0 0 0 2 1 1 1 1 1 1 1 1 1
0 0 0 0 0 1 1 1 1 2 2 2 3 1 0
0 0 0 0 0 1 1 1 1 1 0 0 0 0 0
0 0 0 0 0 1 1 1 1 1 0 0 0 0 0
0 0 0 0 0 1 1 1 1 1 0 0 0 0 0
0 0 0 0 0 1 1 1 1 1 0 0 0 0 0
0 0 0 0 0 1 0 0 0 1 0 0 0 0 0
0 0 0 0 0 1 0 0 0 1 0 0 0 0 0
0 0 0 0 0 0 0 0 0 0 0 0 0 0 0
0 0 0 0 0 0 0 0 0 0 0 0 0 0 0
0 0 0 0 0 0 0 0 0 0 0 0 0 0 0
0 0 0 0 0 0 0 0 0 0 0 0 0 0 0
0 0 0 0 0 0 0 0 0 0 0 0 0 0 0
0 0 0 0 0 0 0 0 0 0 0 0 0 0 0
0 0 0 0 0 0 0 0 0 0 0 0 0 0 0
0 0 0 0 0 0 0 0 0 0 0 0 0 0 0
0 0 0 0 0 0 0 0 0 0 0 0 0 0 0

Explored: C000000000000000000000000000000000022004400F801F003E007C00FF81FF83FF07FE07FF
Obstacle: 0000000E4000000020

Exploration time: 19.4326071739 s
Exploration coverage: 24.0 %

Next step: left
Sent: {"action": "ROTATE", "event": "ACTION", "quantity": -1}
Sent: {"location_x": 7, "location_y": 2, "direction": 1, "event": "MAP", "map_info": "000000111211111000001111111111000003111111111000002111111111000001111222310000001111100000000001111100000000001111100000000001111100000000001000100000000001000100000000000000000000000000000000000000000000000000000000000000000000000000000000000000000000000000000000000000000000000000000000000000000000"}
[0.0, 165.0, 165.0, 65.0, 65.0]
0 0 0 0 0 0 1 1 1 2 1 1 1 1 1
0 0 0 0 0 1 1 1 1 1 1 1 1 1 1
0 0 0 0 0 1 1 1 1 1 1 1 1 1 1
0 0 0 0 0 2 1 1 1 1 1 1 1 1 1
0 0 0 0 0 1 1 1 1 2 2 2 3 1 0
0 0 0 0 0 1 1 1 1 1 0 0 0 0 0
0 0 0 0 0 1 1 1 1 1 0 0 0 0 0
0 0 0 0 0 1 1 1 1 1 0 0 0 0 0
0 0 0 0 0 1 1 1 1 1 0 0 0 0 0
0 0 0 0 0 1 0 0 0 1 0 0 0 0 0
0 0 0 0 0 1 0 0 0 1 0 0 0 0 0
0 0 0 0 0 0 0 0 0 0 0 0 0 0 0
0 0 0 0 0 0 0 0 0 0 0 0 0 0 0
0 0 0 0 0 0 0 0 0 0 0 0 0 0 0
0 0 0 0 0 0 0 0 0 0 0 0 0 0 0
0 0 0 0 0 0 0 0 0 0 0 0 0 0 0
0 0 0 0 0 0 0 0 0 0 0 0 0 0 0
0 0 0 0 0 0 0 0 0 0 0 0 0 0 0
0 0 0 0 0 0 0 0 0 0 0 0 0 0 0
0 0 0 0 0 0 0 0 0 0 0 0 0 0 0

Explored: C000000000000000000000000000000000022004400F801F003E007C00FF81FF83FF07FE07FF
Obstacle: 0000000E4000000020

Exploration time: 20.0521540642 s
Exploration coverage: 24.0 %

Next step: straight
Sent: {"action": "GO", "event": "ACTION", "quantity": 1}
Sent: {"location_x": 7, "location_y": 3, "direction": 1, "event": "MAP", "map_info": "000000111211111000001111111111000001111111111000002111111111000001111222310000001111100000000001111100000000001111100000000001111100000000001000100000000001000100000000000000000000000000000000000000000000000000000000000000000000000000000000000000000000000000000000000000000000000000000000000000000000"}
[0.0, 155.0, 155.0, 65.0, 5.0]
0 0 0 0 0 0 1 1 1 2 1 1 1 1 1
0 0 0 0 0 1 1 1 1 1 1 1 1 1 1
0 0 0 0 0 1 1 1 1 1 1 1 1 1 1
0 0 0 0 0 2 1 1 1 1 1 1 1 1 1
0 0 0 0 0 1 1 1 1 2 2 2 3 1 0
0 0 0 0 0 1 1 1 1 1 0 0 0 0 0
0 0 0 0 0 1 1 1 1 1 0 0 0 0 0
0 0 0 0 0 1 1 1 1 1 0 0 0 0 0
0 0 0 0 0 1 1 1 1 1 0 0 0 0 0
0 0 0 0 0 1 0 0 0 1 0 0 0 0 0
0 0 0 0 0 1 0 0 0 1 0 0 0 0 0
0 0 0 0 0 0 0 0 0 0 0 0 0 0 0
0 0 0 0 0 0 0 0 0 0 0 0 0 0 0
0 0 0 0 0 0 0 0 0 0 0 0 0 0 0
0 0 0 0 0 0 0 0 0 0 0 0 0 0 0
0 0 0 0 0 0 0 0 0 0 0 0 0 0 0
0 0 0 0 0 0 0 0 0 0 0 0 0 0 0
0 0 0 0 0 0 0 0 0 0 0 0 0 0 0
0 0 0 0 0 0 0 0 0 0 0 0 0 0 0
0 0 0 0 0 0 0 0 0 0 0 0 0 0 0

Explored: C000000000000000000000000000000000022004400F801F003E007C00FF81FF83FF07FE07FF
Obstacle: 0000000E4000000020

Exploration time: 20.5709440708 s
Exploration coverage: 24.0 %

Next step: straight
Sent: {"action": "GO", "event": "ACTION", "quantity": 1}
Sent: {"location_x": 7, "location_y": 4, "direction": 1, "event": "MAP", "map_info": "000000111211111000001111111111000001111111111000002111111111000001111222310000001111100000000001111100000000001111100000000001111100000000001000100000000001000100000000000000000000000000000000000000000000000000000000000000000000000000000000000000000000000000000000000000000000000000000000000000000000"}
[0.0, 145.0, 145.0, 5.0, 65.0]
0 0 0 0 0 0 1 1 1 2 1 1 1 1 1
0 0 0 0 0 1 1 1 1 1 1 1 1 1 1
0 0 0 0 0 1 1 1 1 1 1 1 1 1 1
0 0 0 0 0 2 1 1 1 1 1 1 1 1 1
0 0 0 0 0 1 1 1 1 2 2 2 3 1 0
0 0 0 0 0 1 1 1 1 1 0 0 0 0 0
0 0 0 0 0 1 1 1 1 1 0 0 0 0 0
0 0 0 0 0 1 1 1 1 1 0 0 0 0 0
0 0 0 0 0 1 1 1 1 1 0 0 0 0 0
0 0 0 0 0 1 0 0 0 1 0 0 0 0 0
0 0 0 0 0 1 0 0 0 1 0 0 0 0 0
0 0 0 0 0 0 0 0 0 0 0 0 0 0 0
0 0 0 0 0 0 0 0 0 0 0 0 0 0 0
0 0 0 0 0 0 0 0 0 0 0 0 0 0 0
0 0 0 0 0 0 0 0 0 0 0 0 0 0 0
0 0 0 0 0 0 0 0 0 0 0 0 0 0 0
0 0 0 0 0 0 0 0 0 0 0 0 0 0 0
0 0 0 0 0 0 0 0 0 0 0 0 0 0 0
0 0 0 0 0 0 0 0 0 0 0 0 0 0 0
0 0 0 0 0 0 0 0 0 0 0 0 0 0 0

Explored: C000000000000000000000000000000000022004400F801F003E007C00FF81FF83FF07FE07FF
Obstacle: 0000000E4000000020

Exploration time: 21.089056015 s
Exploration coverage: 24.0 %

Next step: straight
Sent: {"action": "GO", "event": "ACTION", "quantity": 1}
Sent: {"location_x": 7, "location_y": 5, "direction": 1, "event": "MAP", "map_info": "000000111211111000001111111111000001111111111000002111111111000001111222310000001111100000000001111100000000001111100000000001111100000000001000100000000001000100000000000000000000000000000000000000000000000000000000000000000000000000000000000000000000000000000000000000000000000000000000000000000000"}
[0.0, 135.0, 135.0, 65.0, 25.0]
0 0 0 0 0 0 1 1 1 2 1 1 1 1 1
0 0 0 0 0 1 1 1 1 1 1 1 1 1 1
0 0 0 0 0 1 1 1 1 1 1 1 1 1 1
0 0 0 0 0 2 1 1 1 1 1 1 1 1 1
0 0 0 0 0 1 1 1 1 2 2 2 3 1 0
0 0 0 0 0 1 1 1 1 1 0 0 0 0 0
0 0 0 0 0 1 1 1 1 1 0 0 0 0 0
0 0 0 0 0 1 1 1 1 1 0 0 0 0 0
0 0 0 0 0 1 1 1 1 1 0 0 0 0 0
0 0 0 0 0 1 0 0 0 1 0 0 0 0 0
0 0 0 0 0 1 0 0 0 1 0 0 0 0 0
0 0 0 0 0 0 0 0 0 0 0 0 0 0 0
0 0 0 0 0 0 0 0 0 0 0 0 0 0 0
0 0 0 0 0 0 0 0 0 0 0 0 0 0 0
0 0 0 0 0 0 0 0 0 0 0 0 0 0 0
0 0 0 0 0 0 0 0 0 0 0 0 0 0 0
0 0 0 0 0 0 0 0 0 0 0 0 0 0 0
0 0 0 0 0 0 0 0 0 0 0 0 0 0 0
0 0 0 0 0 0 0 0 0 0 0 0 0 0 0
0 0 0 0 0 0 0 0 0 0 0 0 0 0 0

Explored: C000000000000000000000000000000000022004400F801F003E007C00FF81FF83FF07FE07FF
Obstacle: 0000000E4000000020

Exploration time: 21.6744201183 s
Exploration coverage: 24.0 %

Next step: straight
Sent: {"action": "GO", "event": "ACTION", "quantity": 1}
Sent: {"location_x": 7, "location_y": 6, "direction": 1, "event": "MAP", "map_info": "000000111211111000001111111111000001111111111000002111111111000001111222310000001111100000000001111100000000001111100000000001111100000000001000100000000001000100000000000000000000000000000000000000000000000000000000000000000000000000000000000000000000000000000000000000000000000000000000000000000000"}
[0.0, 125.0, 125.0, 65.0, 25.0]
0 0 0 0 0 0 1 1 1 2 1 1 1 1 1
0 0 0 0 0 1 1 1 1 1 1 1 1 1 1
0 0 0 0 0 1 1 1 1 1 1 1 1 1 1
0 0 0 0 0 2 1 1 1 1 1 1 1 1 1
0 0 0 0 0 1 1 1 1 2 2 2 3 1 0
0 0 0 0 0 1 1 1 1 1 0 0 0 0 0
0 0 0 0 0 1 1 1 1 1 0 0 0 0 0
0 0 0 0 0 1 1 1 1 1 0 0 0 0 0
0 0 0 0 0 1 1 1 1 1 0 0 0 0 0
0 0 0 0 0 1 0 0 0 1 0 0 0 0 0
0 0 0 0 0 1 0 0 0 1 0 0 0 0 0
0 0 0 0 0 0 0 0 0 0 0 0 0 0 0
0 0 0 0 0 0 0 0 0 0 0 0 0 0 0
0 0 0 0 0 0 0 0 0 0 0 0 0 0 0
0 0 0 0 0 0 0 0 0 0 0 0 0 0 0
0 0 0 0 0 0 0 0 0 0 0 0 0 0 0
0 0 0 0 0 0 0 0 0 0 0 0 0 0 0
0 0 0 0 0 0 0 0 0 0 0 0 0 0 0
0 0 0 0 0 0 0 0 0 0 0 0 0 0 0
0 0 0 0 0 0 0 0 0 0 0 0 0 0 0

Explored: C000000000000000000000000000000000022004400F801F003E007C00FF81FF83FF07FE07FF
Obstacle: 0000000E4000000020

Exploration time: 22.2921900749 s
Exploration coverage: 24.0 %

Next step: straight
Sent: {"action": "GO", "event": "ACTION", "quantity": 1}
Sent: {"location_x": 7, "location_y": 7, "direction": 1, "event": "MAP", "map_info": "000000111211111000001111111111000001111111111000002111111111000001111222310000001111100000000001111100000000001111100000000001111100000000001000100000000001000100000000000000000000000000000000000000000000000000000000000000000000000000000000000000000000000000000000000000000000000000000000000000000000"}
[0.0, 115.0, 115.0, 65.0, 25.0]
0 0 0 0 0 0 1 1 1 2 1 1 1 1 1
0 0 0 0 0 1 1 1 1 1 1 1 1 1 1
0 0 0 0 0 1 1 1 1 1 1 1 1 1 1
0 0 0 0 0 2 1 1 1 1 1 1 1 1 1
0 0 0 0 0 1 1 1 1 2 2 2 3 1 0
0 0 0 0 0 1 1 1 1 1 0 0 0 0 0
0 0 0 0 0 1 1 1 1 1 0 0 0 0 0
0 0 0 0 0 1 1 1 1 1 0 0 0 0 0
0 0 0 0 0 1 1 1 1 1 0 0 0 0 0
0 0 0 0 0 1 1 1 1 1 0 0 0 0 0
0 0 0 0 0 1 0 0 0 1 0 0 0 0 0
0 0 0 0 0 0 0 0 0 0 0 0 0 0 0
0 0 0 0 0 0 0 0 0 0 0 0 0 0 0
0 0 0 0 0 0 0 0 0 0 0 0 0 0 0
0 0 0 0 0 0 0 0 0 0 0 0 0 0 0
0 0 0 0 0 0 0 0 0 0 0 0 0 0 0
0 0 0 0 0 0 0 0 0 0 0 0 0 0 0
0 0 0 0 0 0 0 0 0 0 0 0 0 0 0
0 0 0 0 0 0 0 0 0 0 0 0 0 0 0
0 0 0 0 0 0 0 0 0 0 0 0 0 0 0

Explored: C000000000000000000000000000000000022007C00F801F003E007C00FF81FF83FF07FE07FF
Obstacle: 00000001C8000000040

Exploration time: 22.8754320145 s
Exploration coverage: 25.0 %

Next step: straight
Sent: {"action": "GO", "event": "ACTION", "quantity": 1}
Sent: {"location_x": 7, "location_y": 8, "direction": 1, "event": "MAP", "map_info": "000000111211111000001111111111000001111111111000002111111111000001111222310000001111100000000001111100000000001111100000000001111100000000001111100000000001000100000000000000000000000000000000000000000000000000000000000000000000000000000000000000000000000000000000000000000000000000000000000000000000"}
[0.0, 105.0, 105.0, 65.0, 25.0]
0 0 0 0 0 0 1 1 1 2 1 1 1 1 1
0 0 0 0 0 1 1 1 1 1 1 1 1 1 1
0 0 0 0 0 1 1 1 1 1 1 1 1 1 1
0 0 0 0 0 2 1 1 1 1 1 1 1 1 1
0 0 0 0 0 1 1 1 1 2 2 2 3 1 0
0 0 0 0 0 1 1 1 1 1 0 0 0 0 0
0 0 0 0 0 1 1 1 1 1 0 0 0 0 0
0 0 0 0 0 1 1 1 1 1 0 0 0 0 0
0 0 0 0 0 1 1 1 1 1 0 0 0 0 0
0 0 0 0 0 1 1 1 1 1 0 0 0 0 0
0 0 0 0 0 1 1 1 1 1 0 0 0 0 0
0 0 0 0 0 0 0 0 0 0 0 0 0 0 0
0 0 0 0 0 0 0 0 0 0 0 0 0 0 0
0 0 0 0 0 0 0 0 0 0 0 0 0 0 0
0 0 0 0 0 0 0 0 0 0 0 0 0 0 0
0 0 0 0 0 0 0 0 0 0 0 0 0 0 0
0 0 0 0 0 0 0 0 0 0 0 0 0 0 0
0 0 0 0 0 0 0 0 0 0 0 0 0 0 0
0 0 0 0 0 0 0 0 0 0 0 0 0 0 0
0 0 0 0 0 0 0 0 0 0 0 0 0 0 0

Explored: C00000000000000000000000000000000003E007C00F801F003E007C00FF81FF83FF07FE07FF
Obstacle: 00000000390000000080

Exploration time: 23.3925230503 s
Exploration coverage: 26.0 %

Next step: straight
Sent: {"action": "GO", "event": "ACTION", "quantity": 1}
Sent: {"location_x": 7, "location_y": 9, "direction": 1, "event": "MAP", "map_info": "000000111211111000001111111111000001111111111000002111111111000001111222310000001111100000000001111100000000001111100000000001111100000000001111100000000001111100000000000000000000000000000000000000000000000000000000000000000000000000000000000000000000000000000000000000000000000000000000000000000000"}
[0.0, 95.0, 95.0, 25.0, 25.0]
0 0 0 0 0 0 1 1 1 2 1 1 1 1 1
0 0 0 0 0 1 1 1 1 1 1 1 1 1 1
0 0 0 0 0 1 1 1 1 1 1 1 1 1 1
0 0 0 0 0 2 1 1 1 1 1 1 1 1 1
0 0 0 0 0 1 1 1 1 2 2 2 3 1 0
0 0 0 0 0 1 1 1 1 1 0 0 0 0 0
0 0 0 0 0 1 1 1 1 1 0 0 0 0 0
0 0 0 0 0 1 1 1 1 1 0 0 0 0 0
0 0 0 0 0 1 1 1 1 1 0 0 0 0 0
0 0 0 0 0 1 1 1 1 1 0 0 0 0 0
0 0 0 0 0 1 1 1 1 1 0 0 0 0 0
0 0 0 0 0 0 1 1 1 0 0 0 0 0 0
0 0 0 0 0 0 0 0 0 0 0 0 0 0 0
0 0 0 0 0 0 0 0 0 0 0 0 0 0 0
0 0 0 0 0 0 0 0 0 0 0 0 0 0 0
0 0 0 0 0 0 0 0 0 0 0 0 0 0 0
0 0 0 0 0 0 0 0 0 0 0 0 0 0 0
0 0 0 0 0 0 0 0 0 0 0 0 0 0 0
0 0 0 0 0 0 0 0 0 0 0 0 0 0 0
0 0 0 0 0 0 0 0 0 0 0 0 0 0 0

Explored: C0000000000000000000000000000000E003E007C00F801F003E007C00FF81FF83FF07FE07FF
Obstacle: 000000000720000000100

Exploration time: 23.9069030285 s
Exploration coverage: 27.0 %

Next step: straight
Sent: {"action": "GO", "event": "ACTION", "quantity": 1}
Sent: {"location_x": 7, "location_y": 10, "direction": 1, "event": "MAP", "map_info": "000000111211111000001111111111000001111111111000002111111111000001111222310000001111100000000001111100000000001111100000000001111100000000001111100000000001111100000000000111000000000000000000000000000000000000000000000000000000000000000000000000000000000000000000000000000000000000000000000000000000"}
[0.0, 85.0, 85.0, 25.0, 25.0]
0 0 0 0 0 0 1 1 1 2 1 1 1 1 1
0 0 0 0 0 1 1 1 1 1 1 1 1 1 1
0 0 0 0 0 1 1 1 1 1 1 1 1 1 1
0 0 0 0 0 2 1 1 1 1 1 1 1 1 1
0 0 0 0 0 1 1 1 1 2 2 2 3 1 0
0 0 0 0 0 1 1 1 1 1 0 0 0 0 0
0 0 0 0 0 1 1 1 1 1 0 0 0 0 0
0 0 0 0 0 1 1 1 1 1 0 0 0 0 0
0 0 0 0 0 1 1 1 1 1 0 0 0 0 0
0 0 0 0 0 1 1 1 1 1 0 0 0 0 0
0 0 0 0 0 1 1 1 1 1 0 0 0 0 0
0 0 0 0 0 0 1 1 1 0 0 0 0 0 0
0 0 0 0 0 0 1 1 1 0 0 0 0 0 0
0 0 0 0 0 0 0 0 0 0 0 0 0 0 0
0 0 0 0 0 0 0 0 0 0 0 0 0 0 0
0 0 0 0 0 0 0 0 0 0 0 0 0 0 0
0 0 0 0 0 0 0 0 0 0 0 0 0 0 0
0 0 0 0 0 0 0 0 0 0 0 0 0 0 0
0 0 0 0 0 0 0 0 0 0 0 0 0 0 0
0 0 0 0 0 0 0 0 0 0 0 0 0 0 0

Explored: C0000000000000000000000000007000E003E007C00F801F003E007C00FF81FF83FF07FE07FF
Obstacle: 0000000000E4000000020

Exploration time: 24.3888421059 s
Exploration coverage: 28.0 %

Next step: straight
Sent: {"action": "GO", "event": "ACTION", "quantity": 1}
Sent: {"location_x": 7, "location_y": 11, "direction": 1, "event": "MAP", "map_info": "000000111211111000001111111111000001111111111000002111111111000001111222310000001111100000000001111100000000001111100000000001111100000000001111100000000001111100000000000111000000000000111000000000000000000000000000000000000000000000000000000000000000000000000000000000000000000000000000000000000000"}
[0.0, 75.0, 75.0, 25.0, 65.0]
0 0 0 0 0 0 1 1 1 2 1 1 1 1 1
0 0 0 0 0 1 1 1 1 1 1 1 1 1 1
0 0 0 0 0 1 1 1 1 1 1 1 1 1 1
0 0 0 0 0 2 1 1 1 1 1 1 1 1 1
0 0 0 0 0 1 1 1 1 2 2 2 3 1 0
0 0 0 0 0 1 1 1 1 1 0 0 0 0 0
0 0 0 0 0 1 1 1 1 1 0 0 0 0 0
0 0 0 0 0 1 1 1 1 1 0 0 0 0 0
0 0 0 0 0 1 1 1 1 1 0 0 0 0 0
0 0 0 0 0 1 1 1 1 1 0 0 0 0 0
0 0 0 0 0 1 1 1 1 1 0 0 0 0 0
0 0 0 0 0 1 1 1 1 1 0 0 0 0 0
0 0 0 0 0 0 1 1 1 0 0 0 0 0 0
0 0 0 0 0 0 1 1 1 0 0 0 0 0 0
0 0 0 0 0 0 0 0 0 0 0 0 0 0 0
0 0 0 0 0 0 0 0 0 0 0 0 0 0 0
0 0 0 0 0 0 0 0 0 0 0 0 0 0 0
0 0 0 0 0 0 0 0 0 0 0 0 0 0 0
0 0 0 0 0 0 0 0 0 0 0 0 0 0 0
0 0 0 0 0 0 0 0 0 0 0 0 0 0 0

Explored: C0000000000000000000000038007001F003E007C00F801F003E007C00FF81FF83FF07FE07FF
Obstacle: 00000000000720000000100

Exploration time: 24.9001150131 s
Exploration coverage: 29.6666666667 %

Next step: straight
Sent: {"action": "GO", "event": "ACTION", "quantity": 1}
Sent: {"location_x": 7, "location_y": 12, "direction": 1, "event": "MAP", "map_info": "000000111211111000001111111111000001111111111000002111111111000001111222310000001111100000000001111100000000001111100000000001111100000000001111100000000001111100000000001111100000000000111000000000000111000000000000000000000000000000000000000000000000000000000000000000000000000000000000000000000000"}
[0.0, 65.0, 65.0, 25.0, 65.0]
0 0 0 0 0 0 1 1 1 2 1 1 1 1 1
0 0 0 0 0 1 1 1 1 1 1 1 1 1 1
0 0 0 0 0 1 1 1 1 1 1 1 1 1 1
0 0 0 0 0 2 1 1 1 1 1 1 1 1 1
0 0 0 0 0 1 1 1 1 2 2 2 3 1 0
0 0 0 0 0 1 1 1 1 1 0 0 0 0 0
0 0 0 0 0 1 1 1 1 1 0 0 0 0 0
0 0 0 0 0 1 1 1 1 1 0 0 0 0 0
0 0 0 0 0 1 1 1 1 1 0 0 0 0 0
0 0 0 0 0 1 1 1 1 1 0 0 0 0 0
0 0 0 0 0 1 1 1 1 1 0 0 0 0 0
0 0 0 0 0 1 1 1 1 1 0 0 0 0 0
0 0 0 0 0 1 1 1 1 1 0 0 0 0 0
0 0 0 0 0 0 1 1 1 0 0 0 0 0 0
0 0 0 0 0 0 1 1 1 0 0 0 0 0 0
0 0 0 0 0 0 0 0 0 0 0 0 0 0 0
0 0 0 0 0 0 0 0 0 0 0 0 0 0 0
0 0 0 0 0 0 0 0 0 0 0 0 0 0 0
0 0 0 0 0 0 0 0 0 0 0 0 0 0 0
0 0 0 0 0 0 0 0 0 0 0 0 0 0 0

Explored: C00000000000000000001C003800F801F003E007C00F801F003E007C00FF81FF83FF07FE07FF
Obstacle: 000000000000390000000080

Exploration time: 25.4139010906 s
Exploration coverage: 31.3333333333 %

Next step: straight
Sent: {"action": "GO", "event": "ACTION", "quantity": 1}
Sent: {"location_x": 7, "location_y": 13, "direction": 1, "event": "MAP", "map_info": "000000111211111000001111111111000001111111111000002111111111000001111222310000001111100000000001111100000000001111100000000001111100000000001111100000000001111100000000001111100000000001111100000000000111000000000000111000000000000000000000000000000000000000000000000000000000000000000000000000000000"}
[0.0, 55.0, 55.0, 25.0, 65.0]
0 0 0 0 0 0 1 1 1 2 1 1 1 1 1
0 0 0 0 0 1 1 1 1 1 1 1 1 1 1
0 0 0 0 0 1 1 1 1 1 1 1 1 1 1
0 0 0 0 0 2 1 1 1 1 1 1 1 1 1
0 0 0 0 0 1 1 1 1 2 2 2 3 1 0
0 0 0 0 0 1 1 1 1 1 0 0 0 0 0
0 0 0 0 0 1 1 1 1 1 0 0 0 0 0
0 0 0 0 0 1 1 1 1 1 0 0 0 0 0
0 0 0 0 0 1 1 1 1 1 0 0 0 0 0
0 0 0 0 0 1 1 1 1 1 0 0 0 0 0
0 0 0 0 0 1 1 1 1 1 0 0 0 0 0
0 0 0 0 0 1 1 1 1 1 0 0 0 0 0
0 0 0 0 0 1 1 1 1 1 0 0 0 0 0
0 0 0 0 0 1 1 1 1 1 0 0 0 0 0
0 0 0 0 0 0 1 1 1 0 0 0 0 0 0
0 0 0 0 0 0 1 1 1 0 0 0 0 0 0
0 0 0 0 0 0 0 0 0 0 0 0 0 0 0
0 0 0 0 0 0 0 0 0 0 0 0 0 0 0
0 0 0 0 0 0 0 0 0 0 0 0 0 0 0
0 0 0 0 0 0 0 0 0 0 0 0 0 0 0

Explored: C0000000000000000E001C007C00F801F003E007C00F801F003E007C00FF81FF83FF07FE07FF
Obstacle: 00000000000001C8000000040

Exploration time: 25.9259250164 s
Exploration coverage: 33.0 %

Next step: straight
Sent: {"action": "GO", "event": "ACTION", "quantity": 1}
Sent: {"location_x": 7, "location_y": 14, "direction": 1, "event": "MAP", "map_info": "000000111211111000001111111111000001111111111000002111111111000001111222310000001111100000000001111100000000001111100000000001111100000000001111100000000001111100000000001111100000000001111100000000001111100000000000111000000000000111000000000000000000000000000000000000000000000000000000000000000000"}
[0.0, 45.0, 45.0, 25.0, 65.0]
0 0 0 0 0 0 1 1 1 2 1 1 1 1 1
0 0 0 0 0 1 1 1 1 1 1 1 1 1 1
0 0 0 0 0 1 1 1 1 1 1 1 1 1 1
0 0 0 0 0 2 1 1 1 1 1 1 1 1 1
0 0 0 0 0 1 1 1 1 2 2 2 3 1 0
0 0 0 0 0 1 1 1 1 1 0 0 0 0 0
0 0 0 0 0 1 1 1 1 1 0 0 0 0 0
0 0 0 0 0 1 1 1 1 1 0 0 0 0 0
0 0 0 0 0 1 1 1 1 1 0 0 0 0 0
0 0 0 0 0 1 1 1 1 1 0 0 0 0 0
0 0 0 0 0 1 1 1 1 1 0 0 0 0 0
0 0 0 0 0 1 1 1 1 1 0 0 0 0 0
0 0 0 0 0 1 1 1 1 1 0 0 0 0 0
0 0 0 0 0 1 1 1 1 1 0 0 0 0 0
0 0 0 0 0 1 1 1 1 1 0 0 0 0 0
0 0 0 0 0 0 1 1 1 0 0 0 0 0 0
0 0 0 0 0 0 1 1 1 0 0 0 0 0 0
0 0 0 0 0 0 0 0 0 0 0 0 0 0 0
0 0 0 0 0 0 0 0 0 0 0 0 0 0 0
0 0 0 0 0 0 0 0 0 0 0 0 0 0 0

Explored: C0000000000007000E003E007C00F801F003E007C00F801F003E007C00FF81FF83FF07FE07FF
Obstacle: 000000000000000E4000000020

Exploration time: 26.5031189919 s
Exploration coverage: 34.6666666667 %

Next step: straight
Sent: {"action": "GO", "event": "ACTION", "quantity": 1}
Sent: {"location_x": 7, "location_y": 15, "direction": 1, "event": "MAP", "map_info": "000000111211111000001111111111000001111111111000002111111111000001111222310000001111100000000001111100000000001111100000000001111100000000001111100000000001111100000000001111100000000001111100000000001111100000000001111100000000000111000000000000111000000000000000000000000000000000000000000000000000"}
[0.0, 35.0, 35.0, 65.0, 5.0]
0 0 0 0 0 0 1 1 1 2 1 1 1 1 1
0 0 0 0 0 1 1 1 1 1 1 1 1 1 1
0 0 0 0 0 1 1 1 1 1 1 1 1 1 1
0 0 0 0 0 2 1 1 1 1 1 1 1 1 1
0 0 0 0 0 1 1 1 1 2 2 2 3 1 0
0 0 0 0 0 1 1 1 1 1 0 0 0 0 0
0 0 0 0 0 1 1 1 1 1 0 0 0 0 0
0 0 0 0 0 1 1 1 1 1 0 0 0 0 0
0 0 0 0 0 1 1 1 1 1 0 0 0 0 0
0 0 0 0 0 1 1 1 1 1 0 0 0 0 0
0 0 0 0 0 1 1 1 1 1 0 0 0 0 0
0 0 0 0 0 1 1 1 1 1 0 0 0 0 0
0 0 0 0 0 1 1 1 1 1 0 0 0 0 0
0 0 0 0 0 1 1 1 1 1 0 0 0 0 0
0 0 0 0 0 1 1 1 1 1 0 0 0 0 0
0 0 0 0 0 2 1 1 1 1 0 0 0 0 0
0 0 0 0 0 0 1 1 1 0 0 0 0 0 0
0 0 0 0 0 0 1 1 1 0 0 0 0 0 0
0 0 0 0 0 0 0 0 0 0 0 0 0 0 0
0 0 0 0 0 0 0 0 0 0 0 0 0 0 0

Explored: C0000000038007001F003E007C00F801F003E007C00F801F003E007C00FF81FF83FF07FE07FF
Obstacle: 0200000000000000720000000100

Exploration time: 27.013792038 s
Exploration coverage: 36.3333333333 %

Next step: straight
Sent: {"action": "GO", "event": "ACTION", "quantity": 1}
Sent: {"location_x": 7, "location_y": 16, "direction": 1, "event": "MAP", "map_info": "000000111211111000001111111111000001111111111000002111111111000001111222310000001111100000000001111100000000001111100000000001111100000000001111100000000001111100000000001111100000000001111100000000001111100000000001111100000000002111100000000000111000000000000111000000000000000000000000000000000000"}
[0.0, 25.0, 25.0, 5.0, 65.0]
0 0 0 0 0 0 1 1 1 2 1 1 1 1 1
0 0 0 0 0 1 1 1 1 1 1 1 1 1 1
0 0 0 0 0 1 1 1 1 1 1 1 1 1 1
0 0 0 0 0 2 1 1 1 1 1 1 1 1 1
0 0 0 0 0 1 1 1 1 2 2 2 3 1 0
0 0 0 0 0 1 1 1 1 1 0 0 0 0 0
0 0 0 0 0 1 1 1 1 1 0 0 0 0 0
0 0 0 0 0 1 1 1 1 1 0 0 0 0 0
0 0 0 0 0 1 1 1 1 1 0 0 0 0 0
0 0 0 0 0 1 1 1 1 1 0 0 0 0 0
0 0 0 0 0 1 1 1 1 1 0 0 0 0 0
0 0 0 0 0 1 1 1 1 1 0 0 0 0 0
0 0 0 0 0 1 1 1 1 1 0 0 0 0 0
0 0 0 0 0 1 1 1 1 1 0 0 0 0 0
0 0 0 0 0 1 1 1 1 1 0 0 0 0 0
0 0 0 0 0 2 1 1 1 1 0 0 0 0 0
0 0 0 0 0 1 1 1 1 2 0 0 0 0 0
0 0 0 0 0 0 1 1 1 0 0 0 0 0 0
0 0 0 0 0 0 1 1 1 0 0 0 0 0 0
0 0 0 0 0 0 0 0 0 0 0 0 0 0 0

Explored: C00001C003800F801F003E007C00F801F003E007C00F801F003E007C00FF81FF83FF07FE07FF
Obstacle: 00300000000000000390000000080

Exploration time: 27.5245711803 s
Exploration coverage: 38.0 %

Next step: straight
Sent: {"action": "GO", "event": "ACTION", "quantity": 1}
Sent: {"location_x": 7, "location_y": 17, "direction": 1, "event": "MAP", "map_info": "000000111211111000001111111111000001111111111000002111111111000001111222310000001111100000000001111100000000001111100000000001111100000000001111100000000001111100000000001111100000000001111100000000001111100000000001111100000000002111100000000001111200000000000111000000000000111000000000000000000000"}
[0.0, 15.0, 15.0, 65.0, 65.0]
0 0 0 0 0 0 1 1 1 2 1 1 1 1 1
0 0 0 0 0 1 1 1 1 1 1 1 1 1 1
0 0 0 0 0 1 1 1 1 1 1 1 1 1 1
0 0 0 0 0 2 1 1 1 1 1 1 1 1 1
0 0 0 0 0 1 1 1 1 2 2 2 3 1 0
0 0 0 0 0 1 1 1 1 1 0 0 0 0 0
0 0 0 0 0 1 1 1 1 1 0 0 0 0 0
0 0 0 0 0 1 1 1 1 1 0 0 0 0 0
0 0 0 0 0 1 1 1 1 1 0 0 0 0 0
0 0 0 0 0 1 1 1 1 1 0 0 0 0 0
0 0 0 0 0 1 1 1 1 1 0 0 0 0 0
0 0 0 0 0 1 1 1 1 1 0 0 0 0 0
0 0 0 0 0 1 1 1 1 1 0 0 0 0 0
0 0 0 0 0 1 1 1 1 1 0 0 0 0 0
0 0 0 0 0 1 1 1 1 1 0 0 0 0 0
0 0 0 0 0 2 1 1 1 1 0 0 0 0 0
0 0 0 0 0 1 1 1 1 2 0 0 0 0 0
0 0 0 0 0 1 1 1 1 1 0 0 0 0 0
0 0 0 0 0 0 1 1 1 0 0 0 0 0 0
0 0 0 0 0 0 1 1 1 0 0 0 0 0 0

Explored: C0E001C007C00F801F003E007C00F801F003E007C00F801F003E007C00FF81FF83FF07FE07FF
Obstacle: 0001800000000000001C8000000040

Exploration time: 28.032695055 s
Exploration coverage: 39.6666666667 %

Next step: straight
Sent: {"action": "GO", "event": "ACTION", "quantity": 1}
Sent: {"location_x": 7, "location_y": 18, "direction": 1, "event": "MAP", "map_info": "000000111211111000001111111111000001111111111000002111111111000001111222310000001111100000000001111100000000001111100000000001111100000000001111100000000001111100000000001111100000000001111100000000001111100000000001111100000000002111100000000001111200000000001111100000000000111000000000000111000000"}
Sent: {"action": "KELLY", "event": "ACTION"}
[0.0, 5.0, 5.0, 45.0, 65.0]
0 0 0 0 0 0 1 1 1 2 1 1 1 1 1
0 0 0 0 0 1 1 1 1 1 1 1 1 1 1
0 0 0 0 0 1 1 1 1 1 1 1 1 1 1
0 0 0 0 0 2 1 1 1 1 1 1 1 1 1
0 0 0 0 0 1 1 1 1 2 2 2 3 1 0
0 0 0 0 0 1 1 1 1 1 0 0 0 0 0
0 0 0 0 0 1 1 1 1 1 0 0 0 0 0
0 0 0 0 0 1 1 1 1 1 0 0 0 0 0
0 0 0 0 0 1 1 1 1 1 0 0 0 0 0
0 0 0 0 0 1 1 1 1 1 0 0 0 0 0
0 0 0 0 0 1 1 1 1 1 0 0 0 0 0
0 0 0 0 0 1 1 1 1 1 0 0 0 0 0
0 0 0 0 0 1 1 1 1 1 0 0 0 0 0
0 0 0 0 0 1 1 1 1 1 0 0 0 0 0
0 0 0 0 0 1 1 1 1 1 0 0 0 0 0
0 0 0 0 0 2 1 1 1 1 0 0 0 0 0
0 0 0 0 0 1 1 1 1 2 0 0 0 0 0
0 0 0 0 0 1 1 1 1 1 0 0 0 0 0
0 0 0 0 0 1 1 1 1 1 0 0 0 0 0
0 0 0 0 0 0 1 1 1 0 0 0 0 0 0

Explored: C0E003E007C00F801F003E007C00F801F003E007C00F801F003E007C00FF81FF83FF07FE07FF
Obstacle: 0000600000000000000720000000100

Exploration time: 28.6077091694 s
Exploration coverage: 40.3333333333 %

Next step: right
Sent: {"action": "ROTATE", "event": "ACTION", "quantity": 1}
Sent: {"location_x": 7, "location_y": 18, "direction": 2, "event": "MAP", "map_info": "000000111211111000001111111111000001111111111000002111111111000001111222310000001111100000000001111100000000001111100000000001111100000000001111100000000001111100000000001111100000000001111100000000001111100000000001111100000000002111100000000001111200000000001111100000000001111100000000000111000000"}
Sent: {"action": "KELLY", "event": "ACTION"}
[0.0, 5.0, 65.0, 5.0, 175.0]
0 0 0 0 0 0 1 1 1 2 1 1 1 1 1
0 0 0 0 0 1 1 1 1 1 1 1 1 1 1
0 0 0 0 0 1 1 1 1 1 1 1 1 1 1
0 0 0 0 0 2 1 1 1 1 1 1 1 1 1
0 0 0 0 0 1 1 1 1 2 2 2 3 1 0
0 0 0 0 0 1 1 1 1 1 0 0 0 0 0
0 0 0 0 0 1 1 1 1 1 0 0 0 0 0
0 0 0 0 0 1 1 1 1 1 0 0 0 0 0
0 0 0 0 0 1 1 1 1 1 0 0 0 0 0
0 0 0 0 0 1 1 1 1 1 0 0 0 0 0
0 0 0 0 0 1 1 1 1 1 0 0 0 0 0
0 0 0 0 0 1 1 1 1 1 0 0 0 0 0
0 0 0 0 0 1 1 1 1 1 0 0 0 0 0
0 0 0 0 0 1 1 1 1 1 0 0 0 0 0
0 0 0 0 0 1 1 1 1 1 0 0 0 0 0
0 0 0 0 0 2 1 1 1 1 0 0 0 0 0
0 0 0 0 0 1 1 1 1 2 0 0 0 0 0
0 0 0 0 0 1 1 1 1 1 0 0 0 0 0
0 0 0 0 0 3 1 1 1 1 0 0 0 0 0
0 0 0 0 0 2 1 1 1 0 0 0 0 0 0

Explored: C1E003E007C00F801F003E007C00F801F003E007C00F801F003E007C00FF81FF83FF07FE07FF
Obstacle: 8000300000000000000390000000080

Exploration time: 29.3158531189 s
Exploration coverage: 40.6666666667 %

Next step: right
Sent: {"action": "ROTATE", "event": "ACTION", "quantity": 1}
Sent: {"location_x": 7, "location_y": 18, "direction": 3, "event": "MAP", "map_info": "000000111211111000001111111111000001111111111000002111111111000001111222310000001111100000000001111100000000001111100000000001111100000000001111100000000001111100000000001111100000000001111100000000001111100000000001111100000000002111100000000001111200000000001111100000000003111100000000002111000000"}
[0.0, 175.0, 175.0, 65.0, 45.0]
0 0 0 0 0 0 1 1 1 2 1 1 1 1 1
0 0 0 0 0 1 1 1 1 1 1 1 1 1 1
0 0 0 0 0 1 1 1 1 1 1 1 1 1 1
0 0 0 0 0 2 1 1 1 1 1 1 1 1 1
0 0 0 0 0 1 1 1 1 2 2 2 3 1 0
0 0 0 0 0 1 1 1 1 1 0 0 0 0 0
0 0 0 0 0 1 1 1 1 1 0 0 0 0 0
0 0 0 0 0 1 1 1 1 1 0 0 0 0 0
0 0 0 0 0 1 1 1 1 1 0 0 0 0 0
0 0 0 0 0 1 1 1 1 1 0 0 0 0 0
0 0 0 0 0 1 1 1 1 1 0 0 0 0 0
0 0 0 0 0 1 1 1 1 1 0 0 0 0 0
0 0 0 0 0 1 1 1 1 1 0 0 0 0 0
0 0 0 0 0 1 1 1 1 1 0 0 0 0 0
0 0 0 0 0 1 1 1 1 1 0 0 0 0 0
0 0 0 0 0 2 1 1 1 1 0 0 0 0 0
0 0 0 0 0 1 1 1 1 2 0 0 0 0 0
0 0 0 0 0 1 1 1 1 1 0 0 0 0 0
0 0 0 0 0 1 1 1 1 1 0 0 0 0 0
0 0 0 0 0 2 1 1 1 0 0 0 0 0 0

Explored: C1E003E007C00F801F003E007C00F801F003E007C00F801F003E007C00FF81FF83FF07FE07FF
Obstacle: 8000300000000000000390000000080

Exploration time: 29.9264771938 s
Exploration coverage: 40.6666666667 %

Next step: straight
Sent: {"action": "GO", "event": "ACTION", "quantity": 1}
Sent: {"location_x": 7, "location_y": 17, "direction": 3, "event": "MAP", "map_info": "000000111211111000001111111111000001111111111000002111111111000001111222310000001111100000000001111100000000001111100000000001111100000000001111100000000001111100000000001111100000000001111100000000001111100000000001111100000000002111100000000001111200000000001111100000000001111100000000002111000000"}
[0.0, 165.0, 165.0, 65.0, 65.0]
0 0 0 0 0 0 1 1 1 2 1 1 1 1 1
0 0 0 0 0 1 1 1 1 1 1 1 1 1 1
0 0 0 0 0 1 1 1 1 1 1 1 1 1 1
0 0 0 0 0 2 1 1 1 1 1 1 1 1 1
0 0 0 0 0 1 1 1 1 2 2 2 3 1 0
0 0 0 0 0 1 1 1 1 1 0 0 0 0 0
0 0 0 0 0 1 1 1 1 1 0 0 0 0 0
0 0 0 0 0 1 1 1 1 1 0 0 0 0 0
0 0 0 0 0 1 1 1 1 1 0 0 0 0 0
0 0 0 0 0 1 1 1 1 1 0 0 0 0 0
0 0 0 0 0 1 1 1 1 1 0 0 0 0 0
0 0 0 0 0 1 1 1 1 1 0 0 0 0 0
0 0 0 0 0 1 1 1 1 1 0 0 0 0 0
0 0 0 0 0 1 1 1 1 1 0 0 0 0 0
0 0 0 0 0 1 1 1 1 1 0 0 0 0 0
0 0 0 0 0 2 1 1 1 1 0 0 0 0 0
0 0 0 0 0 1 1 1 1 2 0 0 0 0 0
0 0 0 0 0 1 1 1 1 1 0 0 0 0 0
0 0 0 0 0 1 1 1 1 1 0 0 0 0 0
0 0 0 0 0 2 1 1 1 0 0 0 0 0 0

Explored: C1E003E007C00F801F003E007C00F801F003E007C00F801F003E007C00FF81FF83FF07FE07FF
Obstacle: 8000300000000000000390000000080

Exploration time: 30.4387149811 s
Exploration coverage: 40.6666666667 %

Next step: left
Sent: {"action": "ROTATE", "event": "ACTION", "quantity": -1}
Sent: {"location_x": 7, "location_y": 17, "direction": 2, "event": "MAP", "map_info": "000000111211111000001111111111000001111111111000002111111111000001111222310000001111100000000001111100000000001111100000000001111100000000001111100000000001111100000000001111100000000001111100000000001111100000000001111100000000002111100000000001111200000000001111100000000001111100000000002111000000"}
[0.0, 65.0, 65.0, 15.0, 165.0]
0 0 0 0 0 0 1 1 1 2 1 1 1 1 1
0 0 0 0 0 1 1 1 1 1 1 1 1 1 1
0 0 0 0 0 1 1 1 1 1 1 1 1 1 1
0 0 0 0 0 2 1 1 1 1 1 1 1 1 1
0 0 0 0 0 1 1 1 1 2 2 2 3 1 0
0 0 0 0 0 1 1 1 1 1 0 0 0 0 0
0 0 0 0 0 1 1 1 1 1 0 0 0 0 0
0 0 0 0 0 1 1 1 1 1 0 0 0 0 0
0 0 0 0 0 1 1 1 1 1 0 0 0 0 0
0 0 0 0 0 1 1 1 1 1 0 0 0 0 0
0 0 0 0 0 1 1 1 1 1 0 0 0 0 0
0 0 0 0 0 1 1 1 1 1 0 0 0 0 0
0 0 0 0 0 1 1 1 1 1 0 0 0 0 0
0 0 0 0 0 1 1 1 1 1 0 0 0 0 0
0 0 0 0 0 1 1 1 1 1 0 0 0 0 0
0 0 0 0 0 2 1 1 1 1 0 0 0 0 0
0 0 0 0 0 1 1 1 1 2 0 0 0 0 0
0 0 0 0 0 1 1 1 1 1 0 0 0 0 0
0 0 0 0 0 1 1 1 1 1 0 0 0 0 0
0 0 0 0 0 2 1 1 1 0 0 0 0 0 0

Explored: C1E003E007C00F801F003E007C00F801F003E007C00F801F003E007C00FF81FF83FF07FE07FF
Obstacle: 8000300000000000000390000000080

Exploration time: 31.046792984 s
Exploration coverage: 40.6666666667 %

Next step: straight
Sent: {"action": "GO", "event": "ACTION", "quantity": 1}
Sent: {"location_x": 6, "location_y": 17, "direction": 2, "event": "MAP", "map_info": "000000111211111000001111111111000001111111111000002111111111000001111222310000001111100000000001111100000000001111100000000001111100000000001111100000000001111100000000001111100000000001111100000000001111100000000001111100000000002111100000000001111200000000001111100000000001111100000000002111000000"}
[0.0, 55.0, 55.0, 15.0, 165.0]
0 0 0 0 0 0 1 1 1 2 1 1 1 1 1
0 0 0 0 0 1 1 1 1 1 1 1 1 1 1
0 0 0 0 0 1 1 1 1 1 1 1 1 1 1
0 0 0 0 0 2 1 1 1 1 1 1 1 1 1
0 0 0 0 0 1 1 1 1 2 2 2 3 1 0
0 0 0 0 0 1 1 1 1 1 0 0 0 0 0
0 0 0 0 0 1 1 1 1 1 0 0 0 0 0
0 0 0 0 0 1 1 1 1 1 0 0 0 0 0
0 0 0 0 0 1 1 1 1 1 0 0 0 0 0
0 0 0 0 0 1 1 1 1 1 0 0 0 0 0
0 0 0 0 0 1 1 1 1 1 0 0 0 0 0
0 0 0 0 0 1 1 1 1 1 0 0 0 0 0
0 0 0 0 0 1 1 1 1 1 0 0 0 0 0
0 0 0 0 0 1 1 1 1 1 0 0 0 0 0
0 0 0 0 0 1 1 1 1 1 0 0 0 0 0
0 0 0 0 0 2 1 1 1 1 0 0 0 0 0
0 0 0 0 1 1 1 1 1 2 0 0 0 0 0
0 0 0 0 1 1 1 1 1 1 0 0 0 0 0
0 0 0 0 1 1 1 1 1 1 0 0 0 0 0
0 0 0 0 0 2 1 1 1 0 0 0 0 0 0

Explored: C1E007E00FC01F801F003E007C00F801F003E007C00F801F003E007C00FF81FF83FF07FE07FF
Obstacle: 80000600000000000000720000000100

Exploration time: 31.5592370033 s
Exploration coverage: 41.6666666667 %

Next step: straight
Sent: {"action": "GO", "event": "ACTION", "quantity": 1}
Sent: {"location_x": 5, "location_y": 17, "direction": 2, "event": "MAP", "map_info": "000000111211111000001111111111000001111111111000002111111111000001111222310000001111100000000001111100000000001111100000000001111100000000001111100000000001111100000000001111100000000001111100000000001111100000000001111100000000002111100000000011111200000000011111100000000011111100000000002111000000"}
[0.0, 45.0, 45.0, 5.0, 5.0]
0 0 0 0 0 0 1 1 1 2 1 1 1 1 1
0 0 0 0 0 1 1 1 1 1 1 1 1 1 1
0 0 0 0 0 1 1 1 1 1 1 1 1 1 1
0 0 0 0 0 2 1 1 1 1 1 1 1 1 1
0 0 0 0 0 1 1 1 1 2 2 2 3 1 0
0 0 0 0 0 1 1 1 1 1 0 0 0 0 0
0 0 0 0 0 1 1 1 1 1 0 0 0 0 0
0 0 0 0 0 1 1 1 1 1 0 0 0 0 0
0 0 0 0 0 1 1 1 1 1 0 0 0 0 0
0 0 0 0 0 1 1 1 1 1 0 0 0 0 0
0 0 0 0 0 1 1 1 1 1 0 0 0 0 0
0 0 0 0 0 1 1 1 1 1 0 0 0 0 0
0 0 0 0 0 1 1 1 1 1 0 0 0 0 0
0 0 0 0 0 1 1 1 1 1 0 0 0 0 0
0 0 0 0 0 1 1 1 1 1 0 0 0 0 0
0 0 0 0 0 2 1 1 1 1 0 0 0 0 0
0 0 0 1 1 1 1 1 1 2 0 0 0 0 0
0 0 0 1 1 1 1 1 1 1 0 0 0 0 0
0 0 0 1 1 1 1 1 1 1 0 0 0 0 0
0 0 0 0 0 2 1 1 1 0 0 0 0 0 0

Explored: C1E00FE01FC03F801F003E007C00F801F003E007C00F801F003E007C00FF81FF83FF07FE07FF
Obstacle: 800000C00000000000000E4000000020

Exploration time: 32.0734460354 s
Exploration coverage: 42.6666666667 %

Next step: straight
Sent: {"action": "GO", "event": "ACTION", "quantity": 1}
Sent: {"location_x": 4, "location_y": 17, "direction": 2, "event": "MAP", "map_info": "000000111211111000001111111111000001111111111000002111111111000001111222310000001111100000000001111100000000001111100000000001111100000000001111100000000001111100000000001111100000000001111100000000001111100000000001111100000000002111100000000111111200000000111111100000000111111100000000002111000000"}
[0.0, 35.0, 35.0, 15.0, 5.0]
0 0 0 0 0 0 1 1 1 2 1 1 1 1 1
0 0 0 0 0 1 1 1 1 1 1 1 1 1 1
0 0 0 0 0 1 1 1 1 1 1 1 1 1 1
0 0 0 0 0 2 1 1 1 1 1 1 1 1 1
0 0 0 0 0 1 1 1 1 2 2 2 3 1 0
0 0 0 0 0 1 1 1 1 1 0 0 0 0 0
0 0 0 0 0 1 1 1 1 1 0 0 0 0 0
0 0 0 0 0 1 1 1 1 1 0 0 0 0 0
0 0 0 0 0 1 1 1 1 1 0 0 0 0 0
0 0 0 0 0 1 1 1 1 1 0 0 0 0 0
0 0 0 0 0 1 1 1 1 1 0 0 0 0 0
0 0 0 0 0 1 1 1 1 1 0 0 0 0 0
0 0 0 0 0 1 1 1 1 1 0 0 0 0 0
0 0 0 0 0 1 1 1 1 1 0 0 0 0 0
0 0 0 0 0 1 1 1 1 1 0 0 0 0 0
0 0 0 0 2 2 1 1 1 1 0 0 0 0 0
0 0 1 1 1 1 1 1 1 2 0 0 0 0 0
0 0 1 1 1 1 1 1 1 1 0 0 0 0 0
0 0 1 1 1 1 1 1 1 1 0 0 0 0 0
0 0 0 0 1 2 1 1 1 0 0 0 0 0 0

Explored: C3E01FE03FC07F803F003E007C00F801F003E007C00F801F003E007C00FF81FF83FF07FE07FF
Obstacle: 4000000E00000000000000720000000100

Exploration time: 32.5837450027 s
Exploration coverage: 44.3333333333 %

Next step: straight
Sent: {"action": "GO", "event": "ACTION", "quantity": 1}
Sent: {"location_x": 3, "location_y": 17, "direction": 2, "event": "MAP", "map_info": "000000111211111000001111111111000001111111111000002111111111000001111222310000001111100000000001111100000000001111100000000001111100000000001111100000000001111100000000001111100000000001111100000000001111100000000001111100000000022111100000001111111200000001111111100000001111111100000000012111000000"}
[0.0, 25.0, 25.0, 15.0, 5.0]
0 0 0 0 0 0 1 1 1 2 1 1 1 1 1
0 0 0 0 0 1 1 1 1 1 1 1 1 1 1
0 0 0 0 0 1 1 1 1 1 1 1 1 1 1
0 0 0 0 0 2 1 1 1 1 1 1 1 1 1
0 0 0 0 0 1 1 1 1 2 2 2 3 1 0
0 0 0 0 0 1 1 1 1 1 0 0 0 0 0
0 0 0 0 0 1 1 1 1 1 0 0 0 0 0
0 0 0 0 0 1 1 1 1 1 0 0 0 0 0
0 0 0 0 0 1 1 1 1 1 0 0 0 0 0
0 0 0 0 0 1 1 1 1 1 0 0 0 0 0
0 0 0 0 0 1 1 1 1 1 0 0 0 0 0
0 0 0 0 0 1 1 1 1 1 0 0 0 0 0
0 0 0 0 0 1 1 1 1 1 0 0 0 0 0
0 0 0 0 0 1 1 1 1 1 0 0 0 0 0
0 0 0 0 0 1 1 1 1 1 0 0 0 0 0
0 0 0 2 2 2 1 1 1 1 0 0 0 0 0
0 1 1 1 1 1 1 1 1 2 0 0 0 0 0
0 1 1 1 1 1 1 1 1 1 0 0 0 0 0
0 1 1 1 1 1 1 1 1 1 0 0 0 0 0
0 0 0 1 1 2 1 1 1 0 0 0 0 0 0

Explored: C7E03FE07FC0FF807F003E007C00F801F003E007C00F801F003E007C00FF81FF83FF07FE07FF
Obstacle: 20000000F00000000000000390000000080

Exploration time: 33.0593349934 s
Exploration coverage: 46.0 %

Next step: straight
Sent: {"action": "GO", "event": "ACTION", "quantity": 1}
Sent: {"location_x": 2, "location_y": 17, "direction": 2, "event": "MAP", "map_info": "000000111211111000001111111111000001111111111000002111111111000001111222310000001111100000000001111100000000001111100000000001111100000000001111100000000001111100000000001111100000000001111100000000001111100000000001111100000000222111100000011111111200000011111111100000011111111100000000112111000000"}
[0.0, 15.0, 15.0, 15.0, 165.0]
0 0 0 0 0 0 1 1 1 2 1 1 1 1 1
0 0 0 0 0 1 1 1 1 1 1 1 1 1 1
0 0 0 0 0 1 1 1 1 1 1 1 1 1 1
0 0 0 0 0 2 1 1 1 1 1 1 1 1 1
0 0 0 0 0 1 1 1 1 2 2 2 3 1 0
0 0 0 0 0 1 1 1 1 1 0 0 0 0 0
0 0 0 0 0 1 1 1 1 1 0 0 0 0 0
0 0 0 0 0 1 1 1 1 1 0 0 0 0 0
0 0 0 0 0 1 1 1 1 1 0 0 0 0 0
0 0 0 0 0 1 1 1 1 1 0 0 0 0 0
0 0 0 0 0 1 1 1 1 1 0 0 0 0 0
0 0 0 0 0 1 1 1 1 1 0 0 0 0 0
0 0 0 0 0 1 1 1 1 1 0 0 0 0 0
0 0 0 0 0 1 1 1 1 1 0 0 0 0 0
0 0 0 0 0 1 1 1 1 1 0 0 0 0 0
0 0 1 2 2 2 1 1 1 1 0 0 0 0 0
1 1 1 1 1 1 1 1 1 2 0 0 0 0 0
1 1 1 1 1 1 1 1 1 1 0 0 0 0 0
1 1 1 1 1 1 1 1 1 1 0 0 0 0 0
0 0 1 1 1 2 1 1 1 0 0 0 0 0 0

Explored: CFE07FE0FFC1FF80FF003E007C00F801F003E007C00F801F003E007C00FF81FF83FF07FE07FF
Obstacle: 100000000B800000000000001C8000000040

Exploration time: 33.5686671734 s
Exploration coverage: 47.6666666667 %

Next step: straight
Sent: {"action": "GO", "event": "ACTION", "quantity": 1}
Sent: {"location_x": 1, "location_y": 17, "direction": 2, "event": "MAP", "map_info": "000000111211111000001111111111000001111111111000002111111111000001111222310000001111100000000001111100000000001111100000000001111100000000001111100000000001111100000000001111100000000001111100000000001111100000000001111100000001222111100000111111111200000111111111100000111111111100000001112111000000"}
Sent: {"action": "KELLY", "event": "ACTION"}
[0.0, 5.0, 5.0, 15.0, 145.0]
0 0 0 0 0 0 1 1 1 2 1 1 1 1 1
0 0 0 0 0 1 1 1 1 1 1 1 1 1 1
0 0 0 0 0 1 1 1 1 1 1 1 1 1 1
0 0 0 0 0 2 1 1 1 1 1 1 1 1 1
0 0 0 0 0 1 1 1 1 2 2 2 3 1 0
0 0 0 0 0 1 1 1 1 1 0 0 0 0 0
0 0 0 0 0 1 1 1 1 1 0 0 0 0 0
0 0 0 0 0 1 1 1 1 1 0 0 0 0 0
0 0 0 0 0 1 1 1 1 1 0 0 0 0 0
0 0 0 0 0 1 1 1 1 1 0 0 0 0 0
0 0 0 0 0 1 1 1 1 1 0 0 0 0 0
0 0 0 0 0 1 1 1 1 1 0 0 0 0 0
0 0 0 0 0 1 1 1 1 1 0 0 0 0 0
0 0 0 0 0 1 1 1 1 1 0 0 0 0 0
0 0 0 0 0 1 1 1 1 1 0 0 0 0 0
0 1 1 2 2 2 1 1 1 1 0 0 0 0 0
1 1 1 1 1 1 1 1 1 2 0 0 0 0 0
1 1 1 1 1 1 1 1 1 1 0 0 0 0 0
1 1 1 1 1 1 1 1 1 1 0 0 0 0 0
0 1 1 1 1 2 1 1 1 0 0 0 0 0 0

Explored: DFE07FE0FFC1FF81FF003E007C00F801F003E007C00F801F003E007C00FF81FF83FF07FE07FF
Obstacle: 0800000004E00000000000000720000000100

Exploration time: 34.1607990265 s
Exploration coverage: 48.3333333333 %

Next step: left
Sent: {"action": "ROTATE", "event": "ACTION", "quantity": -1}
Sent: {"location_x": 1, "location_y": 17, "direction": 1, "event": "MAP", "map_info": "000000111211111000001111111111000001111111111000002111111111000001111222310000001111100000000001111100000000001111100000000001111100000000001111100000000001111100000000001111100000000001111100000000001111100000000001111100000011222111100000111111111200000111111111100000111111111100000011112111000000"}
[0.0, 15.0, 15.0, 125.0, 5.0]
0 0 0 0 0 0 1 1 1 2 1 1 1 1 1
0 0 0 0 0 1 1 1 1 1 1 1 1 1 1
0 0 0 0 0 1 1 1 1 1 1 1 1 1 1
0 0 0 0 0 2 1 1 1 1 1 1 1 1 1
0 0 0 0 0 1 1 1 1 2 2 2 3 1 0
0 0 0 0 0 1 1 1 1 1 0 0 0 0 0
0 0 0 0 0 1 1 1 1 1 0 0 0 0 0
0 0 0 0 0 1 1 1 1 1 0 0 0 0 0
0 0 0 0 0 1 1 1 1 1 0 0 0 0 0
0 0 0 0 0 1 1 1 1 1 0 0 0 0 0
0 0 0 0 0 1 1 1 1 1 0 0 0 0 0
0 0 0 0 0 1 1 1 1 1 0 0 0 0 0
0 0 0 0 0 1 1 1 1 1 0 0 0 0 0
0 0 0 0 0 1 1 1 1 1 0 0 0 0 0
0 0 0 0 0 1 1 1 1 1 0 0 0 0 0
0 1 1 2 2 2 1 1 1 1 0 0 0 0 0
1 1 1 1 1 1 1 1 1 2 0 0 0 0 0
1 1 1 1 1 1 1 1 1 1 0 0 0 0 0
1 1 1 1 1 1 1 1 1 1 0 0 0 0 0
1 1 1 1 1 2 1 1 1 0 0 0 0 0 0

Explored: FFE07FE0FFC1FF81FF003E007C00F801F003E007C00F801F003E007C00FF81FF83FF07FE07FF
Obstacle: 0400000002700000000000000390000000080

Exploration time: 34.6811051369 s
Exploration coverage: 48.6666666667 %

Next step: straight
Sent: {"action": "GO", "event": "ACTION", "quantity": 1}
Sent: {"location_x": 1, "location_y": 18, "direction": 1, "event": "MAP", "map_info": "000000111211111000001111111111000001111111111000002111111111000001111222310000001111100000000001111100000000001111100000000001111100000000001111100000000001111100000000001111100000000001111100000000001111100000000001111100000011222111100000111111111200000111111111100000111111111100000111112111000000"}
Sent: {"action": "KELLY", "event": "ACTION"}
[0.0, 5.0, 5.0, 105.0, 5.0]
0 0 0 0 0 0 1 1 1 2 1 1 1 1 1
0 0 0 0 0 1 1 1 1 1 1 1 1 1 1
0 0 0 0 0 1 1 1 1 1 1 1 1 1 1
0 0 0 0 0 2 1 1 1 1 1 1 1 1 1
0 0 0 0 0 1 1 1 1 2 2 2 3 1 0
0 0 0 0 0 1 1 1 1 1 0 0 0 0 0
0 0 0 0 0 1 1 1 1 1 0 0 0 0 0
0 0 0 0 0 1 1 1 1 1 0 0 0 0 0
0 0 0 0 0 1 1 1 1 1 0 0 0 0 0
0 0 0 0 0 1 1 1 1 1 0 0 0 0 0
0 0 0 0 0 1 1 1 1 1 0 0 0 0 0
0 0 0 0 0 1 1 1 1 1 0 0 0 0 0
0 0 0 0 0 1 1 1 1 1 0 0 0 0 0
0 0 0 0 0 1 1 1 1 1 0 0 0 0 0
0 0 0 0 0 1 1 1 1 1 0 0 0 0 0
0 1 1 2 2 2 1 1 1 1 0 0 0 0 0
1 1 1 1 1 1 1 1 1 2 0 0 0 0 0
1 1 1 1 1 1 1 1 1 1 0 0 0 0 0
1 1 1 1 1 1 1 1 1 1 0 0 0 0 0
1 1 1 1 1 2 1 1 1 0 0 0 0 0 0

Explored: FFE07FE0FFC1FF81FF003E007C00F801F003E007C00F801F003E007C00FF81FF83FF07FE07FF
Obstacle: 0400000002700000000000000390000000080

Exploration time: 35.2680289745 s
Exploration coverage: 48.6666666667 %

Reach start
Next step: left
Sent: {"action": "ROTATE", "event": "ACTION", "quantity": -1}
Sent: {"location_x": 1, "location_y": 18, "direction": 0, "event": "MAP", "map_info": "000000111211111000001111111111000001111111111000002111111111000001111222310000001111100000000001111100000000001111100000000001111100000000001111100000000001111100000000001111100000000001111100000000001111100000000001111100000011222111100000111111111200000111111111100000111111111100000111112111000000"}
0 0 0 0 0 0 1 1 1 2 1 1 1 1 1
0 0 0 0 0 1 1 1 1 1 1 1 1 1 1
0 0 0 0 0 1 1 1 1 1 1 1 1 1 1
0 0 0 0 0 2 1 1 1 1 1 1 1 1 1
0 0 0 0 0 1 1 1 1 2 2 2 3 1 0
0 0 0 0 0 1 1 1 1 1 0 0 0 0 0
0 0 0 0 0 1 1 1 1 1 0 0 0 0 0
0 0 0 0 0 1 1 1 1 1 0 0 0 0 0
0 0 0 0 0 1 1 1 1 1 0 0 0 0 0
0 0 0 0 0 1 1 1 1 1 0 0 0 0 0
0 0 0 0 0 1 1 1 1 1 0 0 0 0 0
0 0 0 0 0 1 1 1 1 1 0 0 0 0 0
0 0 0 0 0 1 1 1 1 1 0 0 0 0 0
0 0 0 0 0 1 1 1 1 1 0 0 0 0 0
0 0 0 0 0 1 1 1 1 1 0 0 0 0 0
0 1 1 2 2 2 1 1 1 1 0 0 0 0 0
1 1 1 1 1 1 1 1 1 2 0 0 0 0 0
1 1 1 1 1 1 1 1 1 1 0 0 0 0 0
1 1 1 1 1 1 1 1 1 1 0 0 0 0 0
1 1 1 1 1 2 1 1 1 0 0 0 0 0 0

Explored: FFE07FE0FFC1FF81FF003E007C00F801F003E007C00F801F003E007C00FF81FF83FF07FE07FF
Obstacle: 0400000002700000000000000390000000080

